Motif ID	1	2	3	4	5	6	7	8
FZ_AHL12_01	1.0	1.0	0.628251180248	1.0	0.111925631992	1.0	0.214196448579	1.0
FZ_AHL12_02	0.152519850681	1.0	0.535200177704	1.0	0.596653106312	1.0	1.0	1.0
FZ_AHL12_03	1.0	0.0365164172387	0.217828083406	1.0	0.56932469626	1.0	1.0	0.300339083483
FZ_AHL20_01	0.0424801607992	1.0	0.781508426901	1.0	0.034414149067	0.211227019275	1.0	1.0
FZ_AHL20_02	1.0	1.0	0.760692511633	1.0	0.237455957157	1.0	0.294144391804	1.0
FZ_AHL20_03	1.0	1.0	0.0316668615317	1.0	0.558253015081	0.323067011596	1.0	0.141083548164
FZ_AHL25_01	1.0	1.0	0.058602606033	1.0	0.279828573393	1.0	1.0	0.177317333115
FZ_AHL25_02	0.247759186403	0.447948071242	1.0	1.0	0.790288454756	0.5257269635	1.0	1.0
FZ_AHL25_03	1.0	1.0	0.490040572214	1.0	0.859175766941	0.0669633133561	1.0	0.305724344429
FZ_ANAC46_01	1.0	0.0283630543762	0.724264830479	1.0	0.581650418949	0.766059619071	0.464872635392	1.0
FZ_ANAC55_01	0.394231668452	0.0863136658979	0.404739764181	1.0	0.936085638379	0.375325688287	0.431811759037	1.0
FZ_ANAC55_02	0.157613712714	1.0	0.547993823507	1.0	1.0	1.0	0.175873233477	1.0
FZ_ANAC58_01	1.0	0.226564572368	0.593052475482	0.333252684579	0.907051797884	1.0	0.386347221059	1.0
FZ_ARR11_01	1.0	0.158860472848	0.794853612585	0.274064365043	0.28593150891	1.0	1.0	0.294912927771
FZ_ARR11_02	1.0	1.0	1.0	1.0	0.430000164446	1.0	1.0	1.0
FZ_ARR11_03	1.0	0.417558632596	0.0320952903577	1.0	0.758559861998	0.492718195626	0.253317157147	0.0286757545331
FZ_ARR14_01	1.0	0.158860472848	0.467566855759	0.274064365043	1.0	1.0	1.0	1.0
FZ_ARR14_02	1.0	0.423039257146	1.0	1.0	0.764487382746	1.0	1.0	1.0
FZ_ARR14_03	1.0	0.432060419667	0.0369730460394	1.0	0.77404617096	1.0	1.0	0.0311725317065
FZ_AT1G77200_01	1.0	0.301756717754	1.0	1.0	0.786520680983	0.161129285737	0.450941451004	0.418965539419
FZ_AT4G35610_01	1.0	1.0	0.311991880572	1.0	0.387214769899	1.0	1.0	1.0
FZ_AT5G28300_01	1.0	1.0	0.745136473038	0.241502397514	0.802112716427	0.0423111722592	1.0	1.0
FZ_ATERF1_01	0.401544053093	0.0911289666991	0.0317288137367	1.0	0.940205753572	0.739519884008	1.0	0.408050673197
FZ_ATERF1_02	1.0	1.0	0.0350966462815	1.0	1.0	1.0	0.259648788494	1.0
FZ_ATHB12_01	1.0	1.0	1.0	0.338905320636	0.221066734218	0.686009334008	1.0	1.0
FZ_ATHB51_01	1.0	1.0	1.0	1.0	0.303782615088	0.0656358748837	1.0	1.0
FZ_BZIP60_01	1.0	1.0	1.0	1.0	1.0	1.0	1.0	1.0
FZ_BZIP60_02	1.0	1.0	1.0	1.0	1.0	1.0	1.0	1.0
FZ_CCA1_01	0.441094495563	1.0	1.0	1.0	9.05904351158e-05	0.0656170207978	1.0	1.0
FZ_CCA1_02	0.27126031011	0.483328817258	0.768922512984	1.0	0.248361554251	0.563574610565	1.0	1.0
FZ_DAG2_01	1.0	1.0	0.0545627233961	1.0	0.960258545285	0.00444261054801	0.484679800746	1.0
FZ_DDF1_01	1.0	0.573865864846	0.561840996933	0.317947063749	0.184029722455	0.0223453799316	0.36933692914	1.0
FZ_DEAR3_01	1.0	0.567165163794	0.606011408493	0.208677478242	0.993486904522	0.689858269338	1.0	1.0
FZ_DEAR3_02	0.490648368741	0.755319935984	0.955987239009	1.0	0.710929720311	0.5246871397	1.0	1.0
FZ_DEAR4_01	1.0	0.695376230366	0.486062309767	0.413292284327	0.817381880974	0.185247313741	0.473966802385	0.441075708755
FZ_DEAR4_02	0.522240263447	0.196813800393	0.251011961135	1.0	0.982624833911	0.85563731339	1.0	1.0
FZ_DOF5.7_01	1.0	1.0	1.0	1.0	1.0	1.0	1.0	1.0
FZ_DOF5.7_02	1.0	1.0	1.0	1.0	1.0	1.0	1.0	1.0
FZ_DREB2C_01	0.233998614827	1.0	1.0	1.0	0.76835830311	1.0	0.259648788494	0.238334194427
FZ_DREB2C_02	1.0	0.735927202679	0.561720528518	0.449710266742	0.675225325726	0.230757806995	0.513048959003	1.0
FZ_ERF1_01	1.0	0.012969566293	0.137682231446	1.0	0.963186913506	1.0	1.0	0.614888671533
FZ_ERF1_01A	1.0	1.0	1.0	1.0	1.0	1.0	1.0	1.0
FZ_ETT_01	0.0891873257863	0.279780169047	0.902479286991	1.0	0.515994848668	0.732164960067	1.0	0.0924355915244
FZ_ETT_02	1.0	0.347631888427	0.242900008083	0.17437452889	0.6747093389	0.415107547271	0.206134393087	0.188642805795
FZ_GATA12_01	1.0	1.0	0.755615136092	1.0	0.0855160854756	0.549523346084	1.0	1.0
FZ_GLK1_01	1.0	1.0	1.0	1.0	1.0	1.0	1.0	1.0
FZ_GLK1_02	1.0	0.391337785197	0.951076574937	1.0	1.0	0.818733175729	0.520516283258	0.486059544392
FZ_HSFB2A_01	0.281110826998	0.0315855708265	1.0	0.265794493038	0.538102912864	0.578863189828	1.0	1.0
FZ_HSFB2A_02	1.0	0.137262133928	0.173884401464	1.0	0.819366047236	1.0	1.0	1.0
FZ_HSFC1_01	1.0	1.0	0.162071602445	1.0	0.808568771545	1.0	1.0	1.0
FZ_HSFC1_02	0.00917178451325	0.226564572368	0.865293572095	1.0	0.210767070618	0.311192943023	1.0	1.0
FZ_ICU4_01	1.0	1.0	1.0	1.0	0.226637676271	1.0	1.0	0.264891967549
FZ_KAN1_01	1.0	1.0	6.9103183386e-05	1.0	0.47651500058	0.0417794569136	1.0	1.0
FZ_KAN4_01	0.0252555661975	1.0	0.0276189261107	0.206393695272	1.0	0.136060455203	1.0	1.0
FZ_KAN4_02	1.0	0.488196481372	0.0166833057124	1.0	0.828136613504	0.204064838258	1.0	1.0
FZ_LBD16_01	1.0	1.0	0.778427419191	1.0	0.2615462971	0.573826962002	0.307260410543	1.0
FZ_MYB111_01	1.0	0.553176859329	0.531067121609	1.0	0.160080214645	0.266229838725	1.0	0.325820668224
FZ_MYB111_02	0.490648368741	0.40782590659	0.198420633651	1.0	0.710929720311	0.2558330847	1.0	0.497912721129
FZ_MYB46_01	1.0	0.179919508041	0.820421261176	1.0	0.144805079948	0.251698819203	1.0	1.0
FZ_MYB46_02	0.172684068301	0.206431030514	0.969938177898	0.507670518028	0.0552488355042	0.134526635471	0.20736418825	1.0
FZ_MYB52_01	1.0	1.0	0.81531646838	1.0	0.592288331796	0.0154403839949	1.0	1.0
FZ_MYB52_02	0.327423640766	0.199101710107	0.274964609764	1.0	0.066444063994	0.64629171221	1.0	1.0
FZ_MYB55_01	1.0	1.0	0.634975618922	1.0	0.724377764511	0.344214180568	1.0	0.37987758213
FZ_MYB55_02	0.570682820051	0.523308268311	0.542137653424	0.546857718695	0.090494441312	0.0694440871851	0.243536460451	0.578343314602
FZ_MYB59_01	1.0	0.461700638099	0.74691346704	0.242574720009	0.803746782177	0.540514391367	1.0	1.0
FZ_MYC2_01	0.0143435061778	0.0905209662669	0.417676916663	0.380713670461	0.303535352721	0.38510372625	0.438580387066	0.0151795358532
FZ_MYC3_01	0.164169869295	0.783180789414	0.850885245927	0.496289731994	0.047374924438	0.123591355507	0.197493036101	0.00640869828609
FZ_MYC4_01	0.141721048065	1.0	0.591588990126	0.464414734339	0.156314501722	0.825824484687	0.528681576028	0.00462791824904
FZ_ORA47_01	0.496052100953	0.0541037281591	0.823750725018	0.473503173148	0.315472816925	0.833971665121	0.538299984624	0.503352190448
FZ_ORA47_02	1.0	0.420863388833	0.828407156776	0.477245381446	0.977667649367	0.26851642539	1.0	1.0
FZ_PIF3_01	0.0858709918845	0.889136670832	0.711069734219	0.627176124517	0.119635388256	0.290727588932	0.00628946363418	0.287896541594
FZ_PIF4_01	0.00362537450947	0.0266970407147	0.760692511633	1.0	0.502782864061	0.0472492880166	1.0	0.270544262768
FZ_PIF5_01	0.100276301197	0.675430150685	0.917620654316	1.0	0.0750180631693	0.165873289076	0.455624263429	0.103879570512
FZ_RAP2.3_01	0.491423788266	0.164901996078	0.600746038763	1.0	0.883647405298	0.829946462333	1.0	0.498693344616
FZ_RAP2.3_02	1.0	0.0459653658363	0.572876638551	1.0	0.685961402985	1.0	1.0	0.484458562732
FZ_RAP2.3_03	1.0	0.134778579101	0.310535156827	1.0	0.649684533806	0.799727279645	1.0	0.465692613807
FZ_RAP2.6_01	0.52659389027	0.201608419527	0.447658141992	1.0	0.983476003767	0.580132983209	1.0	0.534072229352
FZ_RAP2.6_02	1.0	0.0666143212004	0.0564954838787	1.0	1.0	0.690959200478	0.39674919758	0.367265350445
FZ_RAP2.6_03	1.0	0.041398531964	0.505415858539	1.0	0.323921797983	0.248794846472	1.0	0.3131955805
FZ_REM1_01	0.216451083103	1.0	1.0	1.0	1.0	0.133403864031	1.0	1.0
FZ_REM1_02	1.0	0.040148505733	0.234183239326	0.288318127927	0.0149395632062	0.614035237244	0.00794198237067	0.310003311733
FZ_RRTF1_01	0.489094056728	0.162632017121	0.370033430614	1.0	0.881334135653	0.82789771321	1.0	0.49634790172
FZ_RRTF1_02	0.457014761216	0.13336239201	0.532248165796	1.0	0.846184981692	1.0	0.497770404354	0.464029535985
FZ_RRTF1_03	0.461949366759	0.137626740778	0.542195221667	0.440220729927	0.852000096483	1.0	1.0	0.469003624853
FZ_RVE1_01	0.462767522677	1.0	1.0	1.0	3.98874883457e-05	0.0791102896175	0.503767153768	1.0
FZ_RVE1_02	1.0	1.0	0.0383347935903	1.0	0.373062072791	0.650477901005	1.0	1.0
FZ_SPL1_01	1.0	0.357819417189	1.0	1.0	0.322145681884	0.426553047327	1.0	1.0
FZ_SPL1_02	1.0	0.468449202669	0.406536686732	1.0	0.49237721176	0.547735682601	1.0	1.0
FZ_SPL7_01	1.0	1.0	0.650903299437	1.0	0.352005475637	1.0	1.0	1.0
FZ_STY1_01	1.0	1.0	1.0	0.199636261998	1.0	1.0	1.0	1.0
FZ_STY1_02	1.0	1.0	0.0464813226566	1.0	0.473842224082	1.0	0.280784812767	1.0
FZ_TCP15_01	0.643875484832	0.358279961329	0.695997668546	0.619597485051	0.025614829262	0.278471074233	0.107881755506	0.279916048112
FZ_TCP16_01	0.573300769909	0.830905461997	0.350170927647	1.0	0.990654711126	0.892642485732	0.015021150971	1.0
FZ_TCP23_01	0.679707109263	0.416737743603	0.595241237847	1.0	0.274396254054	0.949369411934	0.0377812519818	0.319152279177
FZ_TGA2_01	0.264620035593	1.0	0.413755854686	0.250039605286	0.0878984347733	0.553077673651	1.0	0.269417218791
FZ_TGA2_02	0.173753717261	0.467378306587	0.459843523763	0.156714754828	0.232040682498	0.0483375409545	1.0	0.539845604066
FZ_TOE1_01	0.231681359031	0.423039257146	1.0	1.0	1.0	0.0318700998191	1.0	1.0
FZ_TOE1_02	1.0	0.410170900528	1.0	1.0	0.401641344711	1.0	1.0	1.0
FZ_TOE1_03	1.0	1.0	0.223253613937	1.0	0.85681788052	1.0	0.329354384721	1.0
FZ_TOE2_01	0.236309030011	1.0	1.0	1.0	1.0	0.0337405696531	1.0	1.0
FZ_TOE2_02	1.0	1.0	0.273648535804	1.0	0.343090481124	1.0	1.0	1.0
FZ_TOE2_03	1.0	0.496208582667	0.781508426901	1.0	0.53563779734	1.0	0.309619315198	1.0
FZ_WOX13_01	0.411457688642	1.0	0.439636328552	1.0	0.163262133874	0.750674874869	1.0	1.0
FZ_WOX13_02	0.261277727699	1.0	1.0	1.0	1.0	1.0	0.2893147751	0.266025846708
FZ_WRKY12_01	0.504430511798	0.427328364627	0.104862932127	0.48170172919	0.895988184975	1.0	1.0	0.511783551074
FZ_WRKY18_01	0.0923814747825	0.287885165531	0.0317288137367	1.0	0.062412843843	0.386495336877	1.0	1.0
FZ_WRKY38_01	1.0	0.169470496902	0.20691249681	1.0	0.888149674608	1.0	0.538299984624	0.503352190448
FZ_WRKY45_01	0.580419832268	0.0342014071338	0.0471487480464	0.556485643165	0.950323001557	0.897272571222	0.624489148233	0.588107841912
FZ_YAB1_01	0.319226109247	0.190040667867	0.831399310921	1.0	0.878729857215	0.634883847452	0.351864254385	1.0
FZ_YAB5_01	0.243199429237	1.0	1.0	1.0	0.449424832658	0.518157207518	1.0	1.0
FZ_ZAT14_01	0.112006962834	1.0	0.423027116153	1.0	1.0	1.0	1.0	1.0
FZ_ZAT18_01	1.0	1.0	0.394180417767	0.0963731396547	1.0	1.0	1.0	1.0
FZ_ZAT2_01	1.0	1.0	1.0	1.0	1.0	1.0	1.0	1.0
FZ_ZAT6_01	0.274558404787	1.0	0.773724638526	1.0	0.828136613504	1.0	1.0	1.0
M0004_1.02	0.616076843015	0.0144478507836	0.638942919781	1.0	0.966872282295	1.0	0.660277992247	1.0
M0005_1.02	0.523695808583	0.0680831620405	0.126522963546	1.0	0.982913301906	1.0	1.0	0.531159004226
M0006_1.02	0.521510859247	0.451759873692	0.658298398982	0.498443034193	0.910757906547	1.0	1.0	1.0
M0007_1.02	1.0	0.239204284081	0.725035819326	1.0	0.988760847195	1.0	1.0	0.566326387179
M0008_1.02	1.0	0.359837946175	1.0	0.181340344793	0.690468394817	1.0	1.0	1.0
M0009_1.02	1.0	0.213714648734	0.278538821048	1.0	0.923032322177	0.867265005425	1.0	0.544839802167
M0010_1.02	1.0	0.427328364627	0.40130908392	1.0	0.978760619012	1.0	0.546947521453	0.511783551074
M0011_1.02	0.599863033314	0.041362646978	0.407701867599	1.0	0.959959226958	1.0	1.0	1.0
M0012_1.02	1.0	0.0382571042838	0.779262365835	1.0	0.865661633431	1.0	0.635974626226	1.0
M0013_1.02	1.0	0.359837946175	1.0	0.181340344793	0.690468394817	1.0	1.0	1.0
M0014_1.02	0.169482123864	0.45908038141	0.447658141992	0.15279277135	1.0	0.859058907472	1.0	1.0
M0015_1.02	0.571993754005	0.82982278239	0.902090204576	0.548153146357	0.945657221903	0.0702792842238	1.0	0.211763375656
M0016_1.02	0.506691771622	0.430547003729	0.630289355637	0.483915959234	1.0	0.549533188309	0.549278229825	1.0
M0017_1.02	0.423842838414	0.683559138172	0.922128328893	1.0	0.951451429051	1.0	1.0	0.43056761986
M0018_1.02	1.0	0.00758200972248	0.734175621358	1.0	0.829690716395	0.88644919933	1.0	0.571708084486
M0019_1.02	1.0	0.179493871518	0.106455034087	1.0	0.185940124673	0.842371612762	0.548502637184	0.513301395255
M0020_1.02	0.595551224856	0.0112542541326	0.595522666824	1.0	0.957953320939	1.0	1.0	0.603272378604
M0021_1.02	0.535893970613	0.798493317706	0.467413511781	1.0	0.985180380332	1.0	1.0	0.543418329688
M0022_1.02	1.0	0.469441219753	0.462875925717	1.0	0.984803305012	0.864583709146	1.0	0.541277967302
M0023_1.02	1.0	0.0118662471833	0.242619414549	1.0	0.959959226958	1.0	0.644054624232	1.0
M0024_1.02	1.0	0.205625372342	0.455284245178	1.0	0.98415349111	0.585631603263	1.0	0.53768884454
M0025_1.02	0.561395607187	0.091503285207	0.0366260615138	0.537687547172	0.989131570504	1.0	1.0	0.569025461101
M0026_1.02	1.0	0.773301991909	0.634589157368	0.141155064344	0.743551020741	0.281273160948	1.0	1.0
M0027_1.02	1.0	1.0	0.600592838645	1.0	1.0	1.0	0.390528960541	1.0
M0028_1.02	1.0	0.233399398964	0.716840071432	1.0	0.934606075836	1.0	1.0	0.56156312656
M0029_1.02	0.538014615172	0.475601826351	0.471937476812	1.0	0.985548134927	0.867794911374	0.58142022043	0.545548912488
M0030_1.02	1.0	0.432060419667	0.714955406287	1.0	0.184493930904	0.0342169482739	1.0	1.0
M0031_1.02	1.0	0.30406488874	0.705673522916	1.0	0.0726954019902	0.0512613289394	0.452819299674	1.0
M0032_1.02	1.0	0.280938441134	0.903162240306	1.0	0.0209222232913	0.0430231706202	0.433753780457	1.0
M0033_1.02	1.0	0.476624462353	0.473442361577	1.0	0.985668688407	0.868322719005	1.0	0.546256941099
M0034_1.02	1.0	0.23925080584	1.0	1.0	0.704025029934	0.112948387707	0.397779830454	1.0
M0035_1.02	1.0	0.420863388833	0.213050967332	1.0	1.0	0.538995792957	1.0	0.507202154854
M0036_1.02	1.0	0.23009437409	0.500245277255	1.0	0.932798486203	0.877473677896	1.0	0.558818302949
M0037_1.02	0.571338777496	0.0986162202045	0.193222795966	1.0	0.945281586782	1.0	1.0	0.579001275118
M0038_1.02	1.0	0.0896499450366	0.725035819326	1.0	0.988760847195	1.0	1.0	0.200557154932
M0039_1.02	1.0	0.224332961042	0.703583606453	1.0	0.929521322582	1.0	1.0	0.0458381078204
M0040_1.02	1.0	1.0	0.600592838645	1.0	1.0	1.0	1.0	1.0
M0041_1.02	1.0	0.241699922654	0.728491486296	1.0	0.989040047688	1.0	1.0	1.0
M0042_1.02	1.0	0.185532220702	0.52048900251	1.0	0.0178838194487	0.0765948696921	1.0	0.32058807448
M0043_1.02	0.15364407272	0.768933042742	0.833849141385	1.0	0.978760619012	0.546039325578	1.0	1.0
M0044_1.02	0.13711403413	0.0469422814036	0.802939397108	1.0	0.972246368784	0.241152205649	1.0	0.486858208701
M0072_1.02	1.0	1.0	0.631467613862	0.352832803605	0.721069462353	0.12140435751	0.407991606402	1.0
M0073_1.02	0.482830254628	0.396856537748	0.807063863092	0.460582795806	0.97315866078	0.245332419901	0.524616129647	1.0
M0075_1.02	1.0	1.0	0.718652097232	0.401489349833	0.800625516707	0.0552316707914	0.46119193388	1.0
M0076_1.02	0.582341133687	0.106981768758	0.107063197684	1.0	0.991690707762	1.0	1.0	0.590034006201
M0077_1.02	1.0	0.199101710107	0.545608823739	0.310166024138	1.0	0.64629171221	1.0	1.0
M0078_1.02	1.0	0.481696101686	0.17730356423	1.0	0.822338014772	1.0	1.0	1.0
M0079_1.02	1.0	0.644191846139	0.665381854097	1.0	0.134003008049	0.369710364836	0.106461188399	0.396935118621
M0080_1.02	1.0	0.447948071242	1.0	1.0	1.0	1.0	1.0	1.0
M0081_1.02	1.0	0.359837946175	1.0	0.181340344793	0.690468394817	1.0	1.0	1.0
M0118_1.02	1.0	1.0	1.0	1.0	0.665426093524	0.296724905047	0.080050362149	0.347369969655
M0119_1.02	0.232840843243	1.0	0.123671563524	0.219741711188	0.766430830674	1.0	1.0	0.237158444058
M0120_1.02	0.281110826998	1.0	0.783032900989	1.0	0.538102912864	1.0	1.0	1.0
M0121_1.02	0.420330492637	1.0	0.919906050713	0.399784385379	0.949805208654	1.0	1.0	1.0
M0123_1.02	0.458664531187	0.72216129993	0.941651344148	0.11123542955	0.427395303415	0.214316443603	0.15050834338	1.0
M0124_1.02	1.0	1.0	0.831399310921	1.0	0.158526562257	1.0	0.351864254385	0.324777316157
M0125_1.02	1.0	1.0	0.85550299485	1.0	0.898992966152	0.0959810382072	0.375769322452	1.0
M0128_1.02	1.0	1.0	0.0912609325224	1.0	0.120876594429	1.0	1.0	1.0
M0129_1.02	0.317161495283	1.0	1.0	1.0	1.0	1.0	0.349647048532	1.0
M0130_1.02	1.0	0.257830852564	0.48393071428	1.0	1.0	1.0	1.0	1.0
M0133_1.02	1.0	1.0	0.0883075737986	1.0	0.592288331796	0.615562802231	0.0633606550599	1.0
M0135_1.02	1.0	1.0	0.578465051766	1.0	0.640753713003	0.0856735584636	1.0	1.0
M0136_1.02	1.0	0.3396349683	0.499979457493	0.419934366237	0.826382991399	0.193160259747	0.138296034928	0.447975367284
M0142_1.02	1.0	1.0	1.0	1.0	1.0	1.0	1.0	1.0
M0144_1.02	1.0	1.0	0.806033119034	1.0	0.128712452979	1.0	0.329354384721	0.303575128076
M0146_1.02	1.0	0.0365164172387	0.0784518809587	1.0	0.56932469626	0.600013397711	1.0	0.0493267134097
M0147_1.02	0.344523924023	1.0	0.130735278599	1.0	0.0286121118999	0.301070559791	1.0	0.0686840301986
M0149_1.02	0.152077367134	1.0	0.621586162666	0.479478215972	0.328330883449	0.83919195145	0.544604989486	0.00540790185414
M0150_1.02	0.0236109063944	0.449178184274	0.0423657507221	0.791328729948	0.00186878209377	0.430769821918	8.38320926906e-05	0.0256219973442
M0151_1.02	0.0542078290553	0.576534472998	0.127564357876	1.0	0.0126967295064	0.517403409968	2.8680236349e-05	0.179111483146
M0152_1.02	0.0864408983781	1.0	0.529994176466	0.628246670416	0.029632097679	0.761393583605	0.113589542774	0.00415732231761
M0153_1.02	0.218973989838	0.854908967805	0.130001348764	0.785786039395	0.0332160088179	0.61447323646	7.38638895432e-05	0.00583589261185
M0154_1.02	0.249510132797	0.868208679588	0.284549802254	0.597105033036	0.0395537074086	0.921490671103	0.295082817252	0.0165308512907
M0155_1.02	0.0896046318709	0.652215466603	0.724574268948	0.634081190245	0.0326441582728	0.302176627906	0.0315584944005	0.0228815662833
M0156_1.02	0.28858992184	0.89467998309	0.22377153536	0.635656829299	0.0335020994685	0.530304973377	0.0319811214553	0.094961301965
M0157_1.02	0.0243557261555	0.676004089938	0.0447035771674	0.794047267311	0.123747653563	0.933848524749	8.92272127369e-05	0.0883218389236
M0158_1.02	0.0172370202286	0.828301807483	0.0936611206968	0.76351855009	0.0740383825363	0.909688119036	4.47161902849e-05	0.018745628904
M0159_1.02	0.0799874043612	0.881420725183	0.500291645894	1.0	0.190529586335	0.931243126463	0.105421667528	0.0840200320069
M0160_1.02	0.0836078972652	1.0	0.517171273748	0.622863731975	0.0270718796359	0.934746153513	0.110008484098	0.000606321696125
M0161_1.02	0.291937562703	0.896687221966	0.733647592357	0.638788241485	0.0158425237234	0.535999088182	0.120885145986	0.000757941634371
M0162_1.02	0.00596927272329	0.677200451515	0.359499882913	0.794646669722	0.0102660209017	0.439280731676	9.04650660567e-05	0.00662250822064
M0163_1.02	0.411451052921	1.0	0.779088019213	0.736714701885	0.023049773203	0.502404560167	0.000165053144673	0.00293559079795
M0164_1.02	0.25006764915	1.0	0.651125358647	0.597682867344	0.0174990660999	0.921805435192	0.295710702133	0.0166162639563
M0165_1.02	0.0943929629614	0.880810184406	0.280888539383	0.808810858842	0.054821424654	0.836197697416	2.05939085723e-05	0.00812405559302
M0166_1.02	0.123960101115	1.0	1.0	1.0	1.0	0.293030783112	1.0	0.126425293972
M0167_1.02	0.181963800053	0.816138436112	0.241865765219	0.753705865409	0.111206947473	0.901134902765	3.59444960183e-05	0.0629220052406
M0229_1.02	0.0416611204704	0.802308624842	0.0672706159609	0.162139668355	0.79461861356	0.600747003609	1.0	0.18555851225
M0250_1.02	0.0987810412252	0.903728420266	0.582105798183	0.650046651795	0.0195540867295	0.556543759727	0.12910817829	0.000886682946261
M0251_1.02	0.341298021447	0.922375186681	0.32506251941	0.682262240541	0.0694876301456	0.959610142459	0.0115003268293	0.0345573775889
M0252_1.02	0.0157524054877	0.818364814188	0.148753536662	0.755486843523	0.0643449925377	0.902715232407	3.73936130967e-05	0.0171410142259
M0255_1.02	0.0305860329431	0.558772932034	0.213415721656	0.898848949816	0.0118963199421	0.432664544475	5.84968329558e-05	0.225066850598
M0256_1.02	0.0128652421825	0.780084354323	0.417282414033	0.846266034747	0.00267273753543	0.252627076684	9.5196391205e-06	0.322867473247
M0257_1.02	0.0144074384839	0.79435567982	0.323364457126	0.853535004589	0.00744224750984	0.607310684116	1.83312477605e-06	0.053021834296
M0258_1.02	0.0168766910996	0.437615580527	0.365221057144	0.863511944872	0.0205303722438	0.462498519501	3.76764844315e-07	0.357217037617
M0259_1.02	1.0	1.0	0.76096329128	0.428133696182	0.407214937124	0.0706524879517	1.0	0.456482746905
M0260_1.02	1.0	0.532971498845	0.81531646838	0.289325721819	0.864902635941	0.615562802231	0.337318745854	0.311069012285
M0261_1.02	0.0202366264654	0.166027931265	0.203053927971	0.330826622513	0.00829394219709	0.207133932213	5.99495828179e-07	0.0689740298803
M0262_1.02	1.0	1.0	0.503237728894	0.290331921507	0.321682866195	0.6170843705	0.33844890987	1.0
M0263_1.02	0.00549456670506	0.253872171394	0.481596989653	0.45441293512	0.0655934963629	0.255773239687	0.00986438126096	0.232148169465
M0264_1.02	0.0686062277788	0.490794189126	0.0883609363988	0.619001211378	0.0351505828032	0.125432552851	0.000745774278234	0.0242608021987
M0265_1.02	1.0	0.583193426635	0.575702386285	0.0582016678831	0.667352294159	0.298173900558	1.0	0.348379126331
M0266_1.02	0.0147505916631	0.610854230639	0.454661548935	0.855033155804	0.00378679622828	0.433885060963	0.00178929515056	0.149789426955
M0267_1.02	0.0030043162635	1.0	0.938702374796	0.431381617701	0.638072914328	1.0	0.146412649767	1.0
M0268_1.02	0.0867087140448	0.553649013908	0.207596785466	0.657674592394	0.0368093427886	0.280917360775	0.00122343438085	0.032719697864
M0269_1.02	1.0	0.435890504959	0.413752588465	0.487585815944	0.0419780489947	0.283405213427	1.0	0.163148502018
M0270_1.02	1.0	0.744997441636	0.579172499351	0.458270785673	0.0672970996944	0.0915250884741	1.0	0.487655657642
M0271_1.02	0.205206908288	0.82982278239	0.347434932887	0.548153146357	0.312486881956	0.00674205826892	0.244791231761	0.0544081594022
M0272_1.02	0.00991322062057	0.902171573499	0.483576673424	0.520919196855	0.0135353573033	0.112378298467	0.00102916799607	0.0109616209855
M0273_1.02	0.218968910955	0.842876751804	0.381688885822	0.564043777844	0.0533628119325	0.00846656412528	1.0	0.595759732635
M0329_1.02	0.0011126496826	0.665705791105	0.630540198948	0.788882834515	0.0655934963629	0.62176839323	1.22114797139e-05	0.232148169465
M0359_1.02	0.105719063252	0.608917713191	0.123391013591	0.691020758558	0.0115707463902	0.124458071171	1.85816103753e-05	0.0422051400426
M0369_1.02	1.0	0.0577910421177	1.0	1.0	0.640753713003	0.386705547368	1.0	1.0
M0370_1.02	1.0	1.0	0.00912499319596	1.0	0.0212249050413	0.734287134831	0.110252389972	0.0933741646772
M0371_1.02	1.0	0.439176709467	1.0	1.0	0.781414153654	0.163222618755	0.268424656955	1.0
M0372_1.02	1.0	1.0	0.00871145870028	1.0	0.0203259048318	0.375325688287	0.108623128273	0.400662823687
M0373_1.02	1.0	0.424854764272	0.344881559321	0.219741711188	0.766430830674	1.0	0.258386690902	1.0
M0374_1.02	1.0	1.0	0.00898558156898	1.0	0.0209222232913	0.73322814055	0.109708567126	0.0929045231287
M0375_1.02	1.0	0.463395687808	0.399275262478	0.243645560975	0.484483747433	0.182767595416	1.0	0.0370906953793
M0376_1.02	1.0	0.460000288739	0.394411539009	0.0310363960493	0.479179543208	0.179953461362	1.0	0.0364131541225
M0377_1.02	1.0	1.0	0.00898558156898	1.0	0.0209222232913	0.73322814055	0.109708567126	0.0929045231287
M0378_1.02	1.0	1.0	0.00884774012715	1.0	0.0206225611375	0.732164960067	0.109165478579	0.0924355915244
M0581_1.02	1.0	0.10428576762	0.241688261925	1.0	0.570475746272	0.760403929547	0.124636910045	0.105823824146
M0582_1.02	1.0	0.158121441099	0.188869110876	1.0	0.699374279012	0.823726486347	0.169513616622	0.144991748156
M0587_1.02	1.0	0.752975157634	0.368465715512	1.0	0.880553680635	0.521064200824	0.530298186059	0.495563702272
M0588_1.02	1.0	1.0	1.0	1.0	1.0	1.0	1.0	1.0
M0589_1.02	1.0	1.0	1.0	1.0	0.352005475637	1.0	1.0	1.0
M0590_1.02	1.0	0.0217011496382	1.0	1.0	1.0	1.0	1.0	1.0
M0591_1.02	1.0	0.276304731751	0.401028136521	1.0	0.755673411125	0.728950137249	1.0	1.0
M0646_1.02	1.0	1.0	0.617719534739	1.0	0.680049205373	1.0	1.0	1.0
M0647_1.02	1.0	1.0	0.417676916663	1.0	0.939705570516	0.045006843029	1.0	1.0
M0648_1.02	1.0	1.0	1.0	1.0	1.0	1.0	1.0	1.0
M0649_1.02	1.0	1.0	0.210638541046	0.275091676511	0.55988200528	1.0	1.0	0.296001445056
M0650_1.02	1.0	0.537375985563	0.819158384524	0.292340145962	0.3261607816	0.620109609779	0.0647392784846	0.314256452995
M0651_1.02	1.0	1.0	0.173884401464	1.0	0.819366047236	0.19550871804	0.296547109865	1.0
M0652_1.02	1.0	0.517987961295	0.217828083406	0.279186733402	0.56932469626	1.0	0.325912407781	0.300339083483
M0653_1.02	0.452035870733	0.715014354993	0.764634692921	1.0	0.636392448197	0.20619552552	0.145829528202	1.0
M0654_1.02	1.0	1.0	1.0	1.0	1.0	1.0	1.0	1.0
M0655_1.02	1.0	1.0	0.416152618058	1.0	0.237455957157	0.55484439209	1.0	1.0
M0656_1.02	1.0	0.532971498845	0.81531646838	0.289325721819	0.138863876588	0.615562802231	0.337318745854	0.311069012285
M0657_1.02	1.0	1.0	0.887767453957	1.0	1.0	0.34848749942	1.0	1.0
M0665_1.02	1.0	0.397018525239	1.0	1.0	0.146716736022	0.470155562032	1.0	1.0
M0677_1.02	1.0	0.537375985563	1.0	1.0	0.3261607816	0.250246696008	1.0	0.314256452995
M0680_1.02	1.0	1.0	1.0	1.0	0.742016570456	0.476405899932	1.0	1.0
M0681_1.02	0.267947541655	0.478415334666	0.420931414837	1.0	1.0	0.19550871804	1.0	1.0
M0682_1.02	1.0	0.234134087901	1.0	1.0	0.154352664521	1.0	1.0	1.0
M0683_1.02	1.0	0.303068540066	1.0	1.0	0.612990274763	0.364510187759	1.0	1.0
M0684_1.02	0.309886972961	0.538834991643	0.509753593143	0.293342174464	0.32839974087	0.073087668905	1.0	1.0
M0758_1.02	1.0	1.0	0.617719534739	1.0	1.0	0.102580878112	1.0	1.0
M0759_1.02	1.0	1.0	0.604136423229	1.0	1.0	0.0964406942247	1.0	1.0
M0760_1.02	1.0	0.068801686402	1.0	1.0	1.0	1.0	1.0	1.0
M0761_1.02	1.0	1.0	0.7323449061	1.0	0.790288454756	1.0	1.0	1.0
M0762_1.02	1.0	1.0	1.0	1.0	1.0	1.0	1.0	1.0
M0763_1.02	1.0	1.0	0.344881559321	1.0	0.766430830674	1.0	1.0	1.0
M0764_1.02	1.0	0.596168957473	0.594947425099	1.0	0.68612609329	1.0	1.0	1.0
M0765_1.02	1.0	1.0	0.899699194968	1.0	0.285211176906	1.0	1.0	0.397869167648
M0766_1.02	1.0	1.0	0.759011829122	1.0	0.500194308879	1.0	1.0	1.0
M0767_1.02	1.0	0.550344252652	0.830213290854	1.0	0.877718223004	1.0	1.0	1.0
M0768_1.02	1.0	1.0	1.0	1.0	0.226637676271	1.0	1.0	1.0
M0769_1.02	1.0	1.0	0.598717606844	1.0	0.215899817399	1.0	1.0	0.360370468435
M0770_1.02	1.0	1.0	1.0	1.0	0.334137046871	1.0	1.0	1.0
M0771_1.02	1.0	0.516463689576	0.476626890388	1.0	0.566977762905	1.0	1.0	1.0
M0790_1.02	0.502917372634	1.0	0.623046262377	1.0	0.526562362052	1.0	1.0	0.510261072237
M0821_1.02	1.0	1.0	0.718914437677	1.0	0.441144959349	0.512401360196	1.0	1.0
M0840_1.02	1.0	1.0	0.00529769755377	1.0	0.451672694472	0.6970378211	0.401885113992	1.0
M0841_1.02	1.0	1.0	0.0412584017097	1.0	0.22826824269	0.351837059729	1.0	0.155500882161
M0842_1.02	1.0	1.0	0.0605181688538	1.0	0.0310717941541	0.567018955305	1.0	1.0
M0843_1.02	1.0	1.0	1.0	0.237198251371	0.209541570711	1.0	1.0	1.0
M0844_1.02	1.0	0.504096517314	0.458414899107	1.0	0.547873218851	0.585486444402	1.0	1.0
M0845_1.02	1.0	1.0	0.834908118226	0.305258892426	0.355238493272	1.0	1.0	1.0
M0846_1.02	1.0	1.0	1.0	0.306243040054	0.357470491155	1.0	1.0	1.0
M0847_1.02	1.0	0.0409796820262	0.503237728894	0.290331921507	0.866019861617	0.0710190258076	1.0	1.0
M0848_1.02	0.301480332602	1.0	0.228705885026	1.0	0.583213370093	1.0	1.0	1.0
M0849_1.02	1.0	0.150494511556	1.0	1.0	0.348720835651	1.0	1.0	1.0
M0850_1.02	1.0	0.202513422855	0.551744493697	1.0	0.175917090695	1.0	0.363926961056	1.0
M0851_1.02	1.0	1.0	1.0	0.245782806159	0.0250190834201	1.0	1.0	1.0
M0852_1.02	1.0	0.110327088571	0.71694181164	0.225238401467	0.43836987625	0.159085790425	1.0	1.0
M0853_1.02	1.0	1.0	1.0	1.0	1.0	1.0	1.0	1.0
M0855_1.02	1.0	1.0	0.00276704695932	1.0	0.377504448595	1.0	0.366096390391	1.0
M1107_1.02	1.0	0.617316037457	0.626156672242	1.0	0.458057069506	1.0	1.0	1.0
M1108_1.02	0.139669213862	0.397957608912	0.585410127725	1.0	0.151781225605	0.513763924626	1.0	0.490833336591
M1195_1.02	0.292973491269	0.51493464704	0.799119166883	0.277142038901	0.292617225462	0.596829463071	1.0	0.29817354553
M1209_1.02	1.0	1.0	1.0	1.0	1.0	1.0	1.0	1.0
M1210_1.02	1.0	0.617316037457	0.0618643441521	0.350070444527	0.24204707224	0.118843269728	1.0	1.0
M1211_1.02	1.0	0.569805367146	0.0112448018387	1.0	0.377504448595	1.0	0.366096390391	1.0
M1274_1.02	1.0	0.720391372267	0.532248165796	1.0	0.423738016871	1.0	0.497770404354	1.0
M1275_1.02	1.0	1.0	0.829018966381	1.0	0.61648372444	0.261869322599	0.00906445116972	1.0
M1276_1.02	1.0	1.0	0.142433660458	0.23287023931	1.0	1.0	0.0404417973924	1.0
M1277_1.02	0.346507528322	0.588432429011	0.310734556438	1.0	0.408394640575	1.0	0.0825368996396	1.0
M1278_1.02	1.0	1.0	1.0	1.0	0.126323578262	0.255825297385	1.0	1.0
M1282_1.02	0.334517171636	1.0	1.0	0.0552785783299	0.381940405295	0.655983135748	0.368258559578	1.0
M1287_1.02	1.0	1.0	1.0	1.0	1.0	1.0	0.0828164188592	1.0
M1290_1.02	0.0343887299668	1.0	1.0	1.0	1.0	1.0	0.280784812767	1.0
M1291_1.02	0.355361284211	1.0	0.052652761326	1.0	0.092591642047	1.0	0.0870723540297	1.0
M1292_1.02	0.290830987912	0.511862190076	0.210638541046	1.0	0.288158756268	1.0	0.0570654048202	1.0
M1293_1.02	0.303591341233	0.173220636037	0.232354769	1.0	0.587769288045	1.0	1.0	1.0
M1294_1.02	0.323337024523	0.047939942583	0.267483964111	1.0	0.62921172882	0.640632675837	1.0	1.0
M1302_1.02	0.00635986399596	1.0	0.52048900251	1.0	0.0566892210648	0.629043814061	1.0	0.32058807448
M1303_1.02	1.0	1.0	1.0	1.0	1.0	1.0	1.0	1.0
M1307_1.02	0.32231157923	0.555991802945	1.0	0.305258892426	0.88171501144	0.269136967183	1.0	1.0
M1309_1.02	1.0	1.0	0.0392158124261	1.0	0.564820197189	0.411303935321	0.0227763738424	0.424348825484
M1310_1.02	1.0	1.0	0.425690260734	1.0	0.246174042626	1.0	0.298941802888	1.0
M1311_1.02	0.198510317154	1.0	0.6410104827	1.0	0.033302072695	0.439994739366	1.0	0.202277872278
M1313_1.02	1.0	0.493018749759	0.778427419191	1.0	1.0	0.573826962002	1.0	1.0
M1314_1.02	0.359258500372	1.0	0.149438181932	0.340779104474	0.224529610361	0.688494018944	0.0891120480068	0.365302844957
M1315_1.02	1.0	0.432060419667	0.714955406287	1.0	1.0	1.0	1.0	1.0
M1316_1.02	1.0	0.488196481372	1.0	0.0361254821426	0.828136613504	0.56873100303	1.0	1.0
M1317_1.02	0.0180575737795	0.349682110501	0.615040546799	1.0	0.103364599869	1.0	1.0	1.0
M1318_1.02	0.0601208676656	1.0	0.5497057338	1.0	0.0681554966902	1.0	0.362839516446	0.335140077538
M1319_1.02	1.0	1.0	0.0239061547285	1.0	0.573991030559	0.60317239087	1.0	0.302498078324
M1320_1.02	1.0	1.0	0.276838273672	0.311143377806	1.0	1.0	0.361750247862	1.0
M1321_1.02	1.0	1.0	0.261889723678	0.303286502413	1.0	1.0	0.352970074401	1.0
M1322_1.02	0.197300074406	1.0	1.0	1.0	0.118963042096	0.43777636098	1.0	0.201047650189
M1323_1.02	1.0	1.0	0.831399310921	1.0	1.0	0.264776287316	1.0	1.0
M1324_1.02	0.303591341233	0.530012141688	0.232354769	0.287309137994	0.587769288045	1.0	0.335052732075	1.0
M1325_1.02	0.245482679032	1.0	0.372312434864	1.0	1.0	0.521956946778	0.272154424379	1.0
M1326_1.02	1.0	1.0	0.837206844587	1.0	0.883664334674	0.642055798163	0.357374873428	0.329978313396
M1327_1.02	1.0	0.546061984278	0.252601387523	0.29833155471	0.874632605856	1.0	0.347422401499	1.0
M1328_1.02	1.0	1.0	0.428062088655	1.0	1.0	0.563574610565	0.300136148276	1.0
M1329_1.02	1.0	1.0	0.884570061559	1.0	0.466520507128	1.0	0.409003390746	1.0
M1330_1.02	1.0	0.589731962544	0.585406970673	1.0	0.903908129976	1.0	1.0	1.0
M1331_1.02	0.0554067351174	0.187784493372	1.0	0.300317652681	1.0	1.0	0.349647048532	0.057516040555
M1332_1.02	1.0	1.0	0.700656613192	1.0	1.0	0.49472145959	0.254587719037	1.0
M1333_1.02	1.0	0.558789192459	0.837206844587	1.0	0.883664334674	0.08309134416	1.0	1.0
M1334_1.02	1.0	1.0	0.428062088655	1.0	1.0	0.563574610565	0.300136148276	1.0
M1335_1.02	1.0	0.623324478057	0.16910033934	1.0	0.468627338767	0.344214180568	1.0	0.0818535016927
M1336_1.02	1.0	1.0	0.838344231978	1.0	0.361931344829	0.273497390853	0.0722602771307	1.0
M1337_1.02	0.323337024523	0.194564184546	1.0	1.0	0.882693706366	1.0	1.0	1.0
M1338_1.02	1.0	1.0	0.182689459104	1.0	0.740426809215	0.358422569484	0.420021652205	1.0
M1339_1.02	0.33653041022	1.0	0.563840784634	0.31891364223	0.0253117694313	0.658703412702	0.370413492581	0.342301186946
M1340_1.02	1.0	1.0	0.000769689831381	1.0	1.0	0.333672514033	1.0	1.0
M1341_1.02	1.0	1.0	0.803296428906	1.0	0.854420671077	1.0	1.0	1.0
M1342_1.02	1.0	1.0	0.784546787298	1.0	0.837834157705	0.214099130146	1.0	1.0
M1343_1.02	1.0	0.544625610703	0.825385586088	1.0	1.0	1.0	1.0	1.0
M1344_1.02	0.379343603583	1.0	0.374885231747	0.360143121012	0.0469185929971	1.0	0.100049171439	0.385615265822
M1345_1.02	0.257920553677	1.0	0.748678128007	0.0316190511281	0.222337620548	1.0	0.0443965447173	0.262619061306
M1346_1.02	1.0	0.494616157145	1.0	0.0373669747797	0.833746667824	0.575512306883	1.0	1.0
M1351_1.02	0.00150068648421	1.0	1.0	1.0	1.0	1.0	1.0	1.0
M1363_1.02	1.0	1.0	0.225068148724	1.0	0.858001698691	1.0	0.330497873866	1.0
M1364_1.02	1.0	1.0	0.465287407847	1.0	0.845711240436	0.590385986645	1.0	1.0
M1365_1.02	1.0	0.661777519716	0.690674880256	1.0	0.00784735856982	0.743632383258	0.443366622078	1.0
M1384_1.02	0.342534427283	0.583193426635	0.575702386285	1.0	0.399610409101	1.0	0.376835111583	0.348379126331
M1388_1.02	0.405167777509	1.0	0.0919982374025	1.0	0.775720186382	0.743632383258	0.443366622078	0.411711084133
M1400_1.02	1.0	0.00195022988083	1.0	1.0	1.0	0.484626057505	0.00291732100867	1.0
M1401_1.02	1.0	0.135488655476	0.153577899736	1.0	0.243379111209	0.800524146555	1.0	0.466522256848
M1402_1.02	1.0	1.0	0.273648535804	1.0	1.0	0.442204435456	1.0	1.0
M1403_1.02	0.198510317154	1.0	1.0	1.0	0.703018324416	1.0	1.0	0.202277872278
M1404_1.02	0.502159108256	0.424100455408	0.39663084373	0.479478215972	0.893902454184	0.542526842618	1.0	1.0
M1405_1.02	1.0	0.391293316141	0.0974299120233	0.199636261998	0.728872419958	1.0	1.0	1.0
M1406_1.02	0.320256123783	0.00864677992751	0.832577084261	1.0	1.0	1.0	0.352970074401	1.0
M1407_1.02	1.0	0.0405630056225	1.0	0.289325721819	0.592288331796	0.615562802231	0.337318745854	1.0
M1408_1.02	1.0	0.645316985721	0.195217722149	1.0	0.754184128883	0.727870047408	1.0	1.0
M1409_1.02	1.0	0.651994247107	0.203714643774	1.0	0.763003872858	0.734287134831	1.0	1.0
M1410_1.02	1.0	0.588432429011	0.583479175246	1.0	0.903105803445	0.671988046555	1.0	1.0
M1411_1.02	1.0	0.175448970376	0.81531646838	1.0	0.864902635941	1.0	0.337318745854	1.0
M1412_1.02	1.0	0.601246493466	0.329637223752	1.0	0.693389568071	0.684759630081	1.0	1.0
M1413_1.02	1.0	0.013181865932	0.32585595187	0.0626853816683	0.425844088726	0.682245402795	0.389486154329	1.0
M1414_1.02	1.0	0.202513422855	0.551744493697	0.313094027052	0.373062072791	0.650477901005	0.363926961056	1.0
M1415_1.02	1.0	0.451418472652	0.147265679225	1.0	1.0	0.52946748835	1.0	1.0
M1416_1.02	1.0	0.137262133928	1.0	1.0	0.507934051529	1.0	0.296547109865	1.0
M1559_1.02	1.0	1.0	1.0	1.0	0.0855160854756	0.549523346084	1.0	1.0
M1560_1.02	1.0	1.0	0.760692511633	1.0	0.0891015897376	0.55484439209	1.0	1.0
M1561_1.02	1.0	0.488196481372	0.773724638526	1.0	0.25494171206	0.204064838258	0.303707219089	1.0
M1562_1.02	0.247759186403	1.0	0.7323449061	1.0	0.460356508807	0.5257269635	1.0	1.0
M1563_1.02	1.0	0.433847827066	0.71694181164	1.0	0.43836987625	0.510467630313	1.0	1.0
M1564_1.02	1.0	0.243701345335	1.0	1.0	0.0370303185696	0.295815106812	1.0	1.0
M1565_1.02	1.0	1.0	1.0	1.0	0.0349920236497	0.578863189828	0.310795810398	1.0
M1566_1.02	1.0	1.0	1.0	1.0	0.0163670744209	1.0	1.0	1.0
M1567_1.02	1.0	1.0	0.528668830805	1.0	1.0	1.0	1.0	1.0
M1568_1.02	1.0	1.0	0.633408189436	1.0	0.331144652092	1.0	1.0	1.0
M1569_1.02	0.244341898138	1.0	1.0	1.0	0.452169457966	0.165991319934	0.270913246255	1.0
M1570_1.02	1.0	0.283059671368	1.0	1.0	0.0569363624429	1.0	1.0	1.0
M1571_1.02	1.0	1.0	0.800521307128	1.0	0.294848276054	1.0	1.0	0.0489482871458
M1572_1.02	1.0	0.531494133071	0.814017860841	1.0	0.137394282641	0.244441185691	0.336186687652	1.0
M1575_1.02	1.0	0.375761708582	1.0	1.0	0.349038299152	1.0	1.0	0.205957420166
M1576_1.02	1.0	0.493018749759	0.778427419191	1.0	0.033276294937	0.208358924342	1.0	1.0
M1618_1.02	1.0	1.0	0.898991933076	1.0	0.933920739972	0.369710364836	1.0	1.0
M1619_1.02	1.0	1.0	1.0	1.0	1.0	1.0	1.0	1.0
M1620_1.02	1.0	1.0	0.34739222033	1.0	0.76835830311	0.153601915842	1.0	1.0
M1643_1.02	0.471687260909	0.381349455803	0.792285808695	1.0	0.0603936964644	0.812106558963	0.513048959003	0.136609400088
M1644_1.02	1.0	0.616103014576	0.352304844827	0.349147100088	0.0401710609322	0.699435929237	0.403927446608	1.0
M1645_1.02	0.544319806731	0.484762575894	0.485423274004	0.520859090138	0.0656280147507	0.333776602762	0.05766641169	0.00815709254107
M1646_1.02	0.553278861875	0.813924916645	0.032779743023	0.52968325237	0.443075271614	0.87893627282	0.0611889895822	0.196096227509
M1647_1.02	0.677729933596	0.680366062169	0.259857523303	0.28159280748	0.0208614598092	0.33590669069	0.360391569819	0.0270655508051
M1648_1.02	0.461949366759	0.725667953772	0.778836560553	1.0	0.122811705964	1.0	0.152859331489	1.0
M1649_1.02	0.637811788784	0.157966556129	0.495053281063	0.0674609997653	0.0097205315915	0.268903786262	0.313259782392	0.0828721731661
M1650_1.02	0.446170674954	0.124289314782	0.510292071187	0.104499280014	0.104238015527	0.199150505988	0.486444366612	0.120712709186
M1651_1.02	0.274558404787	1.0	1.0	1.0	0.25494171206	0.56873100303	0.00565825608724	1.0
M1652_1.02	0.23948533424	0.308603164371	0.432219930499	0.58656424538	0.00562012494673	0.228832836314	1.0	0.0699182466436
M1653_1.02	0.12851019264	0.729989723665	0.784530230781	1.0	0.443776891871	0.223533999299	0.155808515456	0.132978482703
M1654_1.02	0.23948533424	0.308603164371	0.432219930499	0.58656424538	0.00562012494673	0.228832836314	1.0	0.0699182466436
M1655_1.02	0.379343603583	0.0770253552441	0.645343534228	1.0	0.119765575664	0.352751725065	0.416038531345	0.0845754787847
M1656_1.02	0.654115945579	0.0686250730495	0.533812052817	0.257526813695	0.00543429314033	0.141340232412	0.331969642514	0.0916484172125
M1657_1.02	0.485187939081	0.749814157159	0.953759848733	1.0	0.154040398652	0.824428589357	0.0382614513709	0.492414931101
M1658_1.02	0.706172029375	0.4629550256	0.32506251941	0.31291855499	0.21819468419	0.389420100225	0.0115003268293	0.125537911612
M1659_1.02	0.582341133687	0.540446487887	0.369349724952	1.0	0.103586353132	0.394670842676	0.254839611519	0.0582326535641
M1660_1.02	0.643328370972	0.357425142284	0.331591099285	0.24707770787	0.00428419476406	0.129626308005	0.107528916858	0.0200707563055
M1661_1.02	0.670715296316	0.40161465436	0.573630915776	0.274267584228	0.0805363339179	0.784892662747	0.035033503543	0.308946475261
M1662_1.02	0.357194094352	0.739115256772	0.357542446801	0.695290119701	0.377571751506	0.415145198855	0.0524045108289	0.366832230551
M1663_1.02	0.469269082713	0.378004986749	0.166895560506	0.117164921778	0.00812384978066	0.491434423722	0.510534586847	0.476380116736
M1677_1.02	0.288682130702	1.0	0.465287407847	1.0	0.283705701568	1.0	1.0	0.293822762536
M1678_1.02	0.529474711527	0.792633302001	0.0593659510903	1.0	0.777844535897	0.861295157609	1.0	0.53696772744
M1679_1.02	0.0340099669272	0.0037594293393	0.231804146843	0.142598693125	0.980300962615	1.0	0.553904409304	0.518577550418
M1680_1.02	0.532338372793	0.795258290877	0.269290177987	1.0	0.782424013301	0.863496209982	0.575615639953	0.17949850213
M1681_1.02	0.0851314992469	0.269352031976	0.389856420832	0.367372718069	0.746620313195	1.0	0.423978113942	0.393184714263
M1682_1.02	1.0	0.774740059688	0.111306415971	1.0	0.746133037714	1.0	1.0	0.517827257304
M1683_1.02	0.519316101146	0.783180789414	0.432311672921	1.0	0.908948915476	0.853310607861	0.562265050695	0.526755695914
M1684_1.02	1.0	0.0641354523761	0.117948049179	1.0	0.756254969104	0.850946712527	1.0	0.523797687307
M1685_1.02	0.447012306452	0.00148012623385	0.1375954253	0.104944696446	0.961241013533	1.0	0.487324425087	0.453944104101
M1686_1.02	0.51118403699	0.436956035046	0.231804146843	1.0	0.747416284435	0.846718628826	0.553904409304	0.518577550418
M1687_1.02	1.0	0.390231392366	0.800848083081	1.0	0.47075422455	0.818008485425	0.164721973879	0.485259663023
M1688_1.02	0.530192231654	0.0717419798173	0.134493350284	1.0	0.389872183399	0.86184869884	1.0	0.53768884454
M1689_1.02	0.520048779728	0.449658207881	0.24713725086	1.0	0.762415211143	0.85389574799	0.563017440919	0.170199455471
M1690_1.02	1.0	0.151431556502	0.346508043575	1.0	0.277376940998	0.503918414768	0.164124804065	0.484458562732
M1691_1.02	0.160997836466	0.442267624232	0.116269264399	1.0	0.753755259831	0.849750634689	0.557723945234	0.522311901705
M1692_1.02	1.0	0.157373559849	0.359056092069	1.0	0.697905602934	0.513763924626	0.16891330026	0.490833336591
M1693_1.02	0.506691771622	0.771127835556	0.0166658397472	1.0	0.898035840509	0.843000021336	0.549278229825	0.514058583618
M1694_1.02	1.0	0.134069822528	0.15140320931	1.0	0.240344786898	0.798927255479	1.0	0.464861707513
M1695_1.02	0.357312783481	0.000326153060978	0.146886785942	0.338905320636	0.911576233367	1.0	1.0	1.0
M1696_1.02	0.367943117465	0.0703697231491	0.62437328985	1.0	0.919308812125	1.0	1.0	1.0
M1697_1.02	0.509691082108	0.183392331354	0.0466506031153	1.0	0.900707866859	0.845488903647	0.552367549719	1.0
M1698_1.02	0.164699680441	0.783869885563	0.122198032845	1.0	0.909555680401	0.85389574799	0.198108185932	0.527492382415
M1699_1.02	1.0	0.142660629433	0.553645687298	1.0	0.130040661425	0.488914330104	0.508851266612	0.474749617386
M1700_1.02	0.474094654598	0.384686514021	0.566523124435	0.45205797675	0.86567400785	0.814341703601	0.161740222262	0.481241935647
M1701_1.02	0.452868777628	0.00161860683009	0.060191206382	0.108077400324	0.963440368382	1.0	0.493443538897	0.459849634551
M1702_1.02	1.0	0.190466738593	0.117948049179	1.0	0.556686783522	0.564456948134	0.19503500205	0.523797687307
M1704_1.02	1.0	0.182610783613	0.109676829207	0.486120943876	0.743551020741	1.0	0.551597173008	0.516323234626
M1836_1.02	1.0	0.599983064995	0.600592838645	1.0	0.428013106293	1.0	1.0	1.0
M1840_1.02	1.0	1.0	0.893152189301	1.0	0.740426809215	0.358422569484	1.0	1.0
M1877_1.02	0.699763753683	0.23548111021	0.469082212277	0.675779628524	0.780018172178	0.376948376072	0.388391322004	0.707357987217
M1909_1.02	0.236704852197	0.858148746394	0.621433345957	0.583588732014	0.0135693564223	0.437632787969	1.0	1.0
M1921_1.02	0.111482320588	0.227451457673	0.174917569982	0.0960182913053	0.192657008984	0.366243180648	0.73712289002	0.0311764209804
M1932_1.02	1.0	1.0	0.631467613862	1.0	0.721069462353	0.12140435751	1.0	1.0
M1940_1.02	1.0	0.782489518642	0.244562986202	0.495569958956	0.561608131787	0.122921093726	1.0	0.526017884895
M1941_1.02	0.233998614827	0.426664616673	0.708912552272	1.0	1.0	1.0	0.259648788494	1.0
M1943_1.02	0.0946836006722	0.293669165777	0.0928554730083	1.0	0.539800424018	0.393432977298	1.0	1.0
M1948_1.02	0.00697930076716	0.287404033933	0.270452703914	0.805433011365	0.089741616218	0.830923472164	0.000632677483417	0.0972873394245
M1949_1.02	1.0	0.109546756075	1.0	1.0	0.037004016723	1.0	1.0	1.0
M2191_1.02	0.445327789834	0.0343185217949	0.0195002991435	0.0174073006803	0.397995742413	0.78653945851	1.0	0.0219237456414
M2341_1.02	0.149465035247	0.941347570648	0.279088023583	0.719798814341	0.449659240532	0.684291992314	0.447940264389	1.0
M2342_1.02	0.00341308629948	0.599526932787	0.313069871392	0.850931468897	0.202050529625	0.420543567988	1.66915525809e-06	0.0513696811698
M2343_1.02	0.0524696569063	0.423351074734	0.236993196212	0.858817113165	0.0175964748146	0.623776181365	1.43050096398e-05	0.154958030463
M2344_1.02	0.0726533174815	0.644416325893	0.308218195473	1.0	0.0951137448036	0.985226992717	9.26758398127e-06	0.483047835406
M2345_1.02	0.327541505088	0.411524966358	0.223054846067	1.0	0.0519465063116	0.902122284794	1.25473297233e-05	0.000915756271791
M2346_1.02	0.253421084672	1.0	1.0	0.239353299649	0.213788736669	0.177146184206	1.0	1.0
M2347_1.02	1.0	0.457302038886	0.139890730229	0.652126675359	0.656192295511	0.213440016856	0.205514605505	0.14889246378
M2348_1.02	0.0896046318709	1.0	0.220764220757	0.634081190245	0.361337752908	0.0217887936793	0.702147995729	1.0
M2349_1.02	0.0931117258917	0.661309293903	0.128295687814	1.0	0.377366003128	0.538831731289	1.0	1.0
M2350_1.02	0.592443553644	0.846350795217	0.0550187761403	0.568394405405	0.718216355309	1.0	0.078710172119	0.600158871438
M2351_1.02	0.0215413973564	0.382995303833	0.121234478455	0.635132354413	0.693854925115	0.770368061532	0.703178490119	1.0
M2352_1.02	0.243690420391	0.696478762654	0.26700190389	1.0	0.720829440734	0.464637445529	0.579046834395	0.831284958824
M2353_1.02	0.0903491344408	0.695335128251	0.265281909417	0.803722286667	0.00283300210952	0.463109266698	0.00292873793043	0.00754638914674
M2354_1.02	0.0172599310595	0.441943451246	0.105307817674	0.864910273676	0.00561234037707	0.467352401624	2.78219938911e-06	0.00503968783998
M2355_1.02	0.2757479798	0.886621570621	0.703602311212	1.0	0.00060880625245	0.134256614611	0.324499514059	0.0880919142729
M2356_1.02	0.281332772185	0.644491994453	0.210847831889	1.0	0.00530920233578	0.293364325565	0.330726023975	0.660784612866
M2357_1.02	1.0	0.435629666425	0.0382555396382	1.0	0.0635031714146	0.512401360196	1.0	0.031809805196
M2358_1.02	1.0	0.424854764272	0.123671563524	0.219741711188	0.766430830674	1.0	1.0	0.00250599830141
M2359_1.02	0.0145693884275	0.0917386892611	0.421356898855	0.382471558641	0.307216947471	0.387885601059	0.440499707017	0.0154178765795
M2360_1.02	1.0	0.0101777104181	0.38031797996	1.0	0.95397095448	1.0	1.0	0.595127427974
M2361_1.02	0.167353491999	0.787282984297	0.855678487824	0.500587339655	0.0502359303781	0.127645878876	0.201187655209	0.00668871613454
M2362_1.02	0.141721048065	1.0	0.591588990126	0.464414734339	0.156314501722	0.825824484687	0.528681576028	0.00462791824904
M2363_1.02	0.0848782306242	0.268722626576	0.244104221639	0.7964346661	0.128645694842	0.639629900545	2.62940605335e-07	0.242377075352
M2364_1.02	0.288682130702	0.508770471723	0.465287407847	1.0	1.0	0.590385986645	1.0	0.293822762536
M2365_1.02	1.0	0.57655176467	0.851391278293	1.0	0.388581238011	0.0228806608442	1.0	1.0
M2366_1.02	1.0	1.0	0.309445624084	1.0	0.737707279634	1.0	1.0	1.0
M2367_1.02	0.369857329485	1.0	0.0625551263936	0.350992508778	1.0	0.701815208078	1.0	0.376023345672
M2368_1.02	1.0	1.0	0.834908118226	0.305258892426	0.627113340872	1.0	1.0	1.0
M2369_1.02	0.146361847734	1.0	0.0940736511092	0.471245295096	0.0788647871438	0.831971018561	1.0	0.151349510555
M2370_1.02	1.0	1.0	0.260830705921	1.0	0.328148530662	0.431068793713	1.0	1.0
M2371_1.02	1.0	0.393207672332	0.669882149327	1.0	0.375565192412	0.465947612989	0.236605226118	1.0
M2372_1.02	0.0232926051031	1.0	0.665235976505	1.0	1.0	0.461706518931	1.0	1.0
M2373_1.02	1.0	0.476624462353	0.00967362946375	1.0	0.129204111768	0.142267941399	0.0555487508098	0.546256941099
M2374_1.02	0.359258500372	0.235786548125	0.00467224539272	1.0	0.224529610361	0.688494018944	1.0	0.0104671578857
M2375_1.02	1.0	1.0	0.626156672242	1.0	1.0	1.0	1.0	1.0
M2376_1.02	1.0	1.0	0.474370603979	1.0	0.564621663433	0.596829463071	1.0	1.0
M2377_1.02	1.0	1.0	0.909735298995	0.385099250994	0.537842105611	1.0	0.443366622078	1.0
M2378_1.02	1.0	1.0	0.0373064857396	0.311143377806	1.0	0.647692604795	1.0	1.0
M2379_1.02	0.23976186985	0.435629666425	0.718914437677	1.0	0.777760575582	0.512401360196	1.0	1.0
M2380_1.02	0.546402761042	0.487794505477	0.878953181361	1.0	0.139687076126	0.336997723852	0.221024522789	0.55397431896
M2381_1.02	0.255645448995	0.60724715635	0.831514663948	0.603416846961	0.0435159921575	0.014562641036	1.0	0.635421645108
M2382_1.02	0.419449136959	0.103642836374	0.714380030357	1.0	0.949385038686	0.168739627756	1.0	1.0
M2383_1.02	1.0	1.0	0.248019201731	1.0	0.680049205373	1.0	1.0	1.0
M2606_1.02	1.0	1.0	0.893152189301	1.0	0.740426809215	0.358422569484	1.0	1.0
M2619_1.02	1.0	0.599983064995	0.600592838645	1.0	0.428013106293	1.0	1.0	1.0
M2620_1.02	1.0	1.0	0.909735298995	0.385099250994	0.775720186382	1.0	1.0	0.411711084133
M2631_1.02	0.354383360902	0.230019807918	0.32585595187	0.0626853816683	1.0	0.682245402795	1.0	0.0729893089913
M2661_1.02	1.0	0.547493873203	0.827816279619	0.299325291427	0.614330220785	0.0773051344922	1.0	1.0
M2662_1.02	1.0	1.0	1.0	1.0	0.230953712477	0.188415330444	1.0	1.0
M2663_1.02	1.0	1.0	0.309445624084	1.0	0.737707279634	1.0	1.0	1.0
M2681_1.02	0.131142029653	0.268241910877	0.526150960847	0.113385627951	0.086824160877	0.234472080875	0.417054629631	0.00901716682714
M2682_1.02	1.0	0.0343185217949	0.285735018056	0.424048290292	0.622754594887	0.454157137307	1.0	0.120208142497
M2699_1.02	0.0232926051031	1.0	0.665235976505	1.0	1.0	0.461706518931	1.0	1.0
M2843_1.02	1.0	0.583193426635	0.303181349811	0.324685063667	0.195588431536	0.00490707345728	0.0805457357098	0.348379126331
M2862_1.02	0.0760755033967	0.852352142189	0.00795078974668	0.783591914427	0.00755157361834	0.795660643728	1.06517642206e-05	0.0234768865582
M2863_1.02	0.051693310725	0.795978176368	0.0631638039797	0.737856898287	0.0872329956514	0.504918173766	0.00491954284592	0.423450245425
M2866_1.02	1.0	1.0	0.626156672242	1.0	1.0	1.0	1.0	1.0
M2867_1.02	1.0	1.0	0.474370603979	1.0	0.564621663433	0.596829463071	1.0	1.0
M2889_1.02	1.0	0.199695664984	0.0870586996701	1.0	0.443272093229	0.243991470288	1.0	1.0
M4010_1.02	0.12851019264	0.0415594289572	0.550391330744	0.115331732002	0.127954571027	0.00605028824462	0.155808515456	1.0
M4011_1.02	0.398812089503	1.0	0.413989460627	1.0	0.0603289097369	0.147160676525	0.436654607642	1.0
M4266_1.02	0.447012306452	0.0348682742596	0.0199882819501	0.0176430734982	0.401686398117	0.788233911108	1.0	0.022216635718
M4708_1.02	1.0	0.519507476749	0.079411333696	0.280206959998	0.571662454859	1.0	1.0	1.0
M5276_1.02	1.0	0.123612370459	0.0115505097885	1.0	0.798803815589	1.0	1.0	1.0
M6502_1.02	1.0	0.554586532199	0.033842243752	1.0	0.625005783915	1.0	0.0703540349857	0.32686244166