Motif ID	1	2	3	4	5	6	7	8
FZ_AHL12_01	1.0	1.0	1.0	1.0	1.0	1.0	1.0	1.0
FZ_AHL12_02	1.0	1.0	1.0	1.0	1.0	1.0	1.0	1.0
FZ_AHL12_03	1.0	1.0	1.0	1.0	1.0	1.0	1.0	1.0
FZ_AHL20_01	1.0	1.0	1.0	1.0	1.0	1.0	1.0	1.0
FZ_AHL20_02	1.0	1.0	1.0	1.0	1.0	1.0	1.0	1.0
FZ_AHL20_03	1.0	1.0	1.0	1.0	1.0	1.0	1.0	1.0
FZ_AHL25_01	1.0	1.0	1.0	1.0	1.0	1.0	1.0	1.0
FZ_AHL25_03	1.0	1.0	1.0	1.0	1.0	1.0	1.0	1.0
FZ_ANAC46_01	1.0	1.0	1.0	1.0	1.0	1.0	1.0	1.0
FZ_ANAC55_01	1.0	1.0	1.0	1.0	1.0	1.0	1.0	1.0
FZ_ANAC55_02	1.0	1.0	1.0	1.0	1.0	1.0	1.0	1.0
FZ_ANAC58_01	1.0	1.0	1.0	1.0	1.0	1.0	1.0	1.0
FZ_ARR11_01	1.0	1.0	1.0	1.0	1.0	1.0	1.0	1.0
FZ_ARR11_02	1.0	1.0	1.0	1.0	1.0	1.0	1.0	1.0
FZ_ARR11_03	1.0	1.0	1.0	1.0	1.0	1.0	1.0	1.0
FZ_ARR14_01	1.0	1.0	1.0	1.0	1.0	1.0	1.0	1.0
FZ_ARR14_02	1.0	1.0	1.0	1.0	1.0	1.0	1.0	1.0
FZ_ARR14_03	1.0	1.0	1.0	1.0	1.0	1.0	1.0	1.0
FZ_AT1G77200_01	1.0	1.0	1.0	1.0	1.0	1.0	1.0	1.0
FZ_AT4G35610_01	1.0	1.0	1.0	1.0	1.0	1.0	1.0	1.0
FZ_AT5G28300_01	1.0	1.0	1.0	1.0	1.0	1.0	1.0	1.0
FZ_ATERF1_01	1.0	1.0	1.0	1.0	1.0	1.0	1.0	1.0
FZ_ATERF1_02	1.0	1.0	1.0	1.0	1.0	1.0	1.0	1.0
FZ_ATHB12_01	1.0	1.0	1.0	1.0	1.0	1.0	1.0	1.0
FZ_ATHB51_01	1.0	1.0	1.0	1.0	1.0	1.0	1.0	1.0
FZ_BZIP60_01	1.0	1.0	1.0	1.0	1.0	1.0	1.0	1.0
FZ_BZIP60_02	1.0	1.0	1.0	1.0	1.0	1.0	1.0	1.0
FZ_CCA1_01	1.0	1.0	1.0	1.0	0.454802537803	1.0	1.0	1.0
FZ_CCA1_02	1.0	1.0	1.0	1.0	1.0	1.0	1.0	1.0
FZ_DAG2_01	1.0	1.0	1.0	1.0	1.0	1.0	1.0	0.873493903311
FZ_DDF1_01	1.0	1.0	1.0	1.0	0.0107068353726	1.0	1.0	1.0
FZ_DEAR3_01	1.0	1.0	1.0	1.0	1.0	1.0	1.0	1.0
FZ_DEAR3_02	1.0	1.0	1.0	1.0	1.0	1.0	1.0	1.0
FZ_DEAR4_01	1.0	1.0	1.0	1.0	1.0	1.0	1.0	1.0
FZ_DEAR4_02	1.0	1.0	1.0	1.0	1.0	1.0	1.0	1.0
FZ_DOF5.7_01	1.0	1.0	1.0	1.0	1.0	1.0	1.0	1.0
FZ_DOF5.7_02	1.0	1.0	1.0	1.0	1.0	1.0	1.0	1.0
FZ_DREB2C_01	1.0	1.0	1.0	1.0	1.0	1.0	1.0	1.0
FZ_DREB2C_02	1.0	1.0	1.0	1.0	1.0	1.0	1.0	1.0
FZ_ERF1_01	1.0	1.0	1.0	1.0	1.0	1.0	1.0	1.0
FZ_ERF1_01A	1.0	1.0	1.0	1.0	1.0	1.0	1.0	1.0
FZ_ETT_01	1.0	1.0	1.0	1.0	1.0	1.0	1.0	1.0
FZ_ETT_02	1.0	1.0	1.0	1.0	1.0	1.0	1.0	1.0
FZ_GATA12_01	1.0	1.0	1.0	1.0	1.0	1.0	1.0	1.0
FZ_GLK1_01	1.0	1.0	1.0	1.0	1.0	1.0	1.0	1.0
FZ_GLK1_02	1.0	1.0	1.0	1.0	1.0	1.0	1.0	1.0
FZ_HSFB2A_01	1.0	1.0	1.0	1.0	1.0	1.0	1.0	1.0
FZ_HSFB2A_02	1.0	1.0	1.0	1.0	1.0	1.0	1.0	1.0
FZ_HSFC1_01	1.0	1.0	1.0	1.0	1.0	1.0	1.0	1.0
FZ_HSFC1_02	1.0	1.0	1.0	1.0	1.0	1.0	1.0	1.0
FZ_ICU4_01	1.0	1.0	1.0	1.0	1.0	1.0	1.0	1.0
FZ_KAN1_01	1.0	1.0	1.0	1.0	1.0	1.0	1.0	1.0
FZ_KAN4_01	1.0	1.0	1.0	1.0	1.0	1.0	1.0	1.0
FZ_KAN4_02	1.0	1.0	1.0	1.0	1.0	1.0	1.0	1.0
FZ_LBD16_01	1.0	1.0	1.0	1.0	1.0	1.0	1.0	1.0
FZ_MYB111_01	1.0	1.0	1.0	1.0	1.0	1.0	1.0	1.0
FZ_MYB111_02	1.0	1.0	1.0	1.0	1.0	1.0	1.0	1.0
FZ_MYB46_01	1.0	1.0	1.0	1.0	1.0	1.0	1.0	1.0
FZ_MYB46_02	1.0	1.0	1.0	1.0	1.0	1.0	1.0	1.0
FZ_MYB52_01	1.0	1.0	1.0	1.0	1.0	1.0	1.0	1.0
FZ_MYB52_02	1.0	1.0	1.0	1.0	1.0	1.0	1.0	1.0
FZ_MYB55_01	1.0	1.0	1.0	1.0	1.0	1.0	1.0	1.0
FZ_MYB55_02	1.0	1.0	1.0	1.0	1.0	1.0	1.0	1.0
FZ_MYB59_01	1.0	1.0	1.0	1.0	1.0	1.0	1.0	1.0
FZ_MYC2_01	1.0	1.0	1.0	1.0	1.0	1.0	1.0	1.0
FZ_MYC3_01	1.0	1.0	1.0	1.0	1.0	1.0	1.0	1.0
FZ_MYC4_01	1.0	1.0	1.0	1.0	1.0	1.0	1.0	1.0
FZ_ORA47_01	1.0	1.0	1.0	1.0	1.0	1.0	1.0	1.0
FZ_ORA47_02	1.0	1.0	1.0	1.0	1.0	1.0	1.0	1.0
FZ_PIF3_01	1.0	1.0	1.0	1.0	1.0	1.0	1.0	1.0
FZ_PIF4_01	1.0	1.0	1.0	1.0	1.0	1.0	1.0	1.0
FZ_PIF5_01	1.0	1.0	1.0	1.0	1.0	1.0	1.0	1.0
FZ_RAP2.3_01	1.0	1.0	1.0	1.0	1.0	1.0	1.0	1.0
FZ_RAP2.3_02	1.0	1.0	1.0	1.0	1.0	1.0	1.0	1.0
FZ_RAP2.3_03	1.0	1.0	1.0	1.0	1.0	1.0	1.0	1.0
FZ_RAP2.6_01	1.0	1.0	1.0	1.0	1.0	1.0	1.0	1.0
FZ_RAP2.6_02	1.0	1.0	1.0	1.0	1.0	1.0	1.0	1.0
FZ_RAP2.6_03	1.0	1.0	1.0	1.0	1.0	1.0	1.0	1.0
FZ_REM1_01	1.0	1.0	1.0	1.0	1.0	1.0	1.0	1.0
FZ_REM1_02	1.0	1.0	1.0	1.0	1.0	1.0	1.0	1.0
FZ_RRTF1_01	1.0	1.0	1.0	1.0	1.0	1.0	1.0	1.0
FZ_RRTF1_02	1.0	1.0	1.0	1.0	1.0	1.0	1.0	1.0
FZ_RRTF1_03	1.0	1.0	1.0	1.0	1.0	1.0	1.0	1.0
FZ_RVE1_01	1.0	1.0	1.0	1.0	1.0	1.0	1.0	1.0
FZ_RVE1_02	1.0	1.0	1.0	1.0	1.0	1.0	1.0	1.0
FZ_SPL1_01	1.0	1.0	1.0	1.0	1.0	1.0	1.0	1.0
FZ_SPL1_02	1.0	1.0	1.0	1.0	1.0	1.0	1.0	1.0
FZ_SPL7_01	1.0	1.0	1.0	1.0	1.0	1.0	1.0	1.0
FZ_STY1_01	1.0	1.0	1.0	1.0	1.0	1.0	1.0	1.0
FZ_STY1_02	1.0	1.0	1.0	1.0	1.0	1.0	1.0	1.0
FZ_TCP15_01	1.0	1.0	1.0	1.0	1.0	1.0	1.0	1.0
FZ_TCP16_01	1.0	1.0	1.0	1.0	1.0	1.0	1.0	1.0
FZ_TCP23_01	1.0	1.0	1.0	1.0	1.0	1.0	1.0	1.0
FZ_TGA2_01	1.0	1.0	1.0	1.0	1.0	1.0	1.0	1.0
FZ_TGA2_02	1.0	1.0	1.0	1.0	1.0	1.0	1.0	1.0
FZ_TOE1_01	1.0	1.0	1.0	1.0	1.0	1.0	1.0	1.0
FZ_TOE1_02	1.0	1.0	1.0	1.0	1.0	1.0	1.0	1.0
FZ_TOE1_03	1.0	1.0	1.0	1.0	1.0	1.0	1.0	1.0
FZ_TOE2_01	1.0	1.0	1.0	1.0	1.0	1.0	1.0	1.0
FZ_TOE2_02	1.0	1.0	1.0	1.0	1.0	1.0	1.0	1.0
FZ_TOE2_03	1.0	1.0	1.0	1.0	1.0	1.0	1.0	1.0
FZ_WOX13_01	1.0	1.0	1.0	1.0	1.0	1.0	1.0	1.0
FZ_WOX13_02	1.0	1.0	1.0	1.0	1.0	1.0	1.0	1.0
FZ_WRKY12_01	1.0	1.0	1.0	1.0	1.0	1.0	1.0	1.0
FZ_WRKY18_01	1.0	1.0	1.0	1.0	1.0	1.0	1.0	1.0
FZ_WRKY38_01	1.0	1.0	1.0	1.0	1.0	1.0	1.0	1.0
FZ_WRKY45_01	1.0	1.0	1.0	1.0	1.0	1.0	1.0	1.0
FZ_YAB1_01	1.0	1.0	1.0	1.0	1.0	1.0	1.0	1.0
FZ_YAB5_01	1.0	1.0	1.0	1.0	1.0	1.0	1.0	1.0
FZ_ZAT14_01	1.0	1.0	1.0	1.0	1.0	1.0	1.0	1.0
FZ_ZAT18_01	1.0	1.0	1.0	1.0	1.0	1.0	1.0	1.0
FZ_ZAT2_01	1.0	1.0	1.0	1.0	1.0	1.0	1.0	1.0
FZ_ZAT6_01	1.0	1.0	1.0	1.0	1.0	1.0	1.0	1.0
M0004_1.02	1.0	1.0	1.0	1.0	1.0	1.0	1.0	1.0
M0005_1.02	1.0	1.0	1.0	1.0	1.0	1.0	1.0	1.0
M0006_1.02	1.0	1.0	1.0	1.0	1.0	1.0	1.0	1.0
M0007_1.02	1.0	1.0	1.0	1.0	1.0	1.0	1.0	1.0
M0009_1.02	1.0	1.0	1.0	1.0	1.0	1.0	1.0	1.0
M0010_1.02	1.0	1.0	1.0	1.0	1.0	1.0	1.0	1.0
M0011_1.02	1.0	1.0	1.0	1.0	1.0	1.0	1.0	1.0
M0012_1.02	1.0	1.0	1.0	1.0	1.0	1.0	1.0	1.0
M0014_1.02	1.0	1.0	1.0	1.0	1.0	1.0	1.0	1.0
M0015_1.02	1.0	1.0	1.0	1.0	1.0	1.0	1.0	1.0
M0016_1.02	1.0	1.0	1.0	1.0	1.0	1.0	1.0	1.0
M0017_1.02	1.0	1.0	1.0	1.0	1.0	1.0	1.0	1.0
M0018_1.02	1.0	1.0	1.0	1.0	1.0	1.0	1.0	1.0
M0019_1.02	1.0	1.0	1.0	1.0	1.0	1.0	1.0	1.0
M0020_1.02	1.0	1.0	1.0	1.0	1.0	1.0	1.0	1.0
M0021_1.02	1.0	1.0	1.0	1.0	1.0	1.0	1.0	1.0
M0022_1.02	1.0	1.0	1.0	1.0	1.0	1.0	1.0	1.0
M0023_1.02	1.0	1.0	1.0	1.0	1.0	1.0	1.0	1.0
M0024_1.02	1.0	1.0	1.0	1.0	1.0	1.0	1.0	1.0
M0025_1.02	1.0	1.0	1.0	1.0	1.0	1.0	1.0	1.0
M0026_1.02	1.0	1.0	1.0	1.0	1.0	1.0	1.0	1.0
M0027_1.02	1.0	1.0	1.0	1.0	1.0	1.0	1.0	1.0
M0028_1.02	1.0	1.0	1.0	1.0	1.0	1.0	1.0	1.0
M0029_1.02	1.0	1.0	1.0	1.0	1.0	1.0	1.0	1.0
M0030_1.02	1.0	1.0	1.0	1.0	1.0	1.0	1.0	1.0
M0031_1.02	1.0	1.0	1.0	1.0	1.0	1.0	1.0	1.0
M0032_1.02	1.0	1.0	1.0	1.0	1.0	1.0	1.0	1.0
M0033_1.02	1.0	1.0	1.0	1.0	1.0	1.0	1.0	1.0
M0034_1.02	1.0	1.0	1.0	1.0	1.0	1.0	1.0	1.0
M0035_1.02	1.0	1.0	1.0	1.0	1.0	1.0	1.0	1.0
M0036_1.02	1.0	1.0	1.0	1.0	1.0	1.0	1.0	1.0
M0037_1.02	1.0	1.0	1.0	1.0	1.0	1.0	1.0	1.0
M0038_1.02	1.0	1.0	1.0	1.0	1.0	1.0	1.0	1.0
M0039_1.02	1.0	1.0	1.0	1.0	1.0	1.0	1.0	1.0
M0040_1.02	1.0	1.0	1.0	1.0	1.0	1.0	1.0	1.0
M0041_1.02	1.0	1.0	1.0	1.0	1.0	1.0	1.0	1.0
M0042_1.02	1.0	1.0	1.0	1.0	1.0	1.0	1.0	1.0
M0043_1.02	1.0	1.0	1.0	1.0	1.0	1.0	1.0	1.0
M0044_1.02	1.0	1.0	1.0	1.0	1.0	1.0	1.0	1.0
M0072_1.02	1.0	1.0	1.0	1.0	1.0	1.0	1.0	1.0
M0073_1.02	1.0	1.0	1.0	1.0	1.0	1.0	1.0	1.0
M0075_1.02	1.0	1.0	1.0	1.0	1.0	1.0	1.0	1.0
M0076_1.02	1.0	1.0	1.0	1.0	1.0	1.0	1.0	1.0
M0077_1.02	1.0	1.0	1.0	1.0	1.0	1.0	1.0	1.0
M0078_1.02	1.0	1.0	1.0	1.0	1.0	1.0	1.0	1.0
M0079_1.02	1.0	1.0	1.0	1.0	1.0	1.0	1.0	1.0
M0080_1.02	1.0	1.0	1.0	1.0	1.0	1.0	1.0	1.0
M0118_1.02	1.0	1.0	1.0	1.0	1.0	1.0	1.0	1.0
M0119_1.02	1.0	1.0	1.0	1.0	1.0	1.0	1.0	1.0
M0120_1.02	1.0	1.0	1.0	1.0	1.0	1.0	1.0	1.0
M0121_1.02	1.0	1.0	1.0	1.0	1.0	1.0	1.0	1.0
M0123_1.02	1.0	1.0	1.0	1.0	1.0	1.0	1.0	1.0
M0124_1.02	1.0	1.0	1.0	1.0	1.0	1.0	1.0	1.0
M0125_1.02	1.0	1.0	1.0	1.0	1.0	1.0	1.0	1.0
M0128_1.02	1.0	1.0	1.0	1.0	1.0	1.0	1.0	1.0
M0129_1.02	1.0	1.0	1.0	1.0	1.0	1.0	1.0	1.0
M0130_1.02	1.0	1.0	1.0	1.0	1.0	1.0	1.0	1.0
M0133_1.02	1.0	1.0	1.0	1.0	1.0	1.0	1.0	1.0
M0135_1.02	1.0	1.0	1.0	1.0	1.0	1.0	1.0	1.0
M0136_1.02	1.0	1.0	1.0	1.0	1.0	1.0	1.0	1.0
M0144_1.02	1.0	1.0	1.0	1.0	1.0	1.0	1.0	1.0
M0146_1.02	1.0	1.0	1.0	1.0	1.0	1.0	1.0	1.0
M0147_1.02	1.0	1.0	1.0	1.0	1.0	1.0	1.0	1.0
M0149_1.02	1.0	1.0	1.0	1.0	1.0	1.0	1.0	1.0
M0150_1.02	1.0	1.0	1.0	1.0	1.0	1.0	1.0	1.0
M0151_1.02	1.0	1.0	1.0	1.0	1.0	1.0	1.0	1.0
M0152_1.02	1.0	1.0	1.0	1.0	1.0	1.0	1.0	1.0
M0153_1.02	1.0	1.0	1.0	1.0	1.0	1.0	1.0	1.0
M0154_1.02	1.0	1.0	1.0	1.0	1.0	1.0	1.0	0.202433638546
M0155_1.02	1.0	1.0	1.0	1.0	1.0	1.0	1.0	0.419485277558
M0156_1.02	1.0	1.0	1.0	1.0	1.0	1.0	1.0	0.367080716006
M0157_1.02	1.0	1.0	1.0	1.0	1.0	1.0	1.0	1.0
M0158_1.02	1.0	1.0	1.0	1.0	0.681517240633	1.0	1.0	1.0
M0159_1.02	1.0	1.0	1.0	1.0	1.0	1.0	1.0	0.64968881145
M0160_1.02	1.0	1.0	1.0	1.0	1.0	1.0	1.0	1.0
M0161_1.02	1.0	1.0	1.0	1.0	1.0	1.0	1.0	0.740030424946
M0162_1.02	1.0	1.0	1.0	1.0	1.0	1.0	1.0	1.0
M0163_1.02	1.0	1.0	1.0	1.0	1.0	1.0	1.0	0.0493963717222
M0164_1.02	1.0	1.0	1.0	1.0	1.0	1.0	1.0	1.0
M0165_1.02	1.0	1.0	1.0	1.0	1.0	1.0	1.0	0.0237719292863
M0166_1.02	1.0	1.0	1.0	1.0	1.0	1.0	1.0	1.0
M0167_1.02	1.0	1.0	1.0	1.0	1.0	1.0	1.0	0.0110520395177
M0229_1.02	1.0	1.0	1.0	1.0	1.0	1.0	1.0	1.0
M0250_1.02	1.0	1.0	1.0	1.0	1.0	1.0	1.0	0.548578884059
M0251_1.02	1.0	1.0	1.0	1.0	1.0	1.0	1.0	0.206618380846
M0252_1.02	1.0	1.0	1.0	1.0	1.0	1.0	1.0	1.0
M0255_1.02	1.0	1.0	1.0	1.0	1.0	1.0	0.0153565850306	1.0
M0256_1.02	1.0	1.0	1.0	1.0	1.0	1.0	0.00161855865327	1.0
M0257_1.02	1.0	1.0	1.0	1.0	1.0	1.0	0.00651995057328	1.0
M0258_1.02	1.0	1.0	1.0	1.0	0.310592394714	1.0	0.0015606382039	1.0
M0259_1.02	1.0	1.0	1.0	1.0	1.0	1.0	1.0	1.0
M0260_1.02	1.0	1.0	1.0	1.0	1.0	1.0	1.0	1.0
M0261_1.02	1.0	1.0	1.0	1.0	0.104707559895	1.0	0.000100164986398	1.0
M0262_1.02	1.0	1.0	1.0	1.0	1.0	1.0	1.0	1.0
M0263_1.02	1.0	1.0	1.0	1.0	1.0	1.0	1.0	1.0
M0264_1.02	1.0	1.0	1.0	1.0	0.364918359739	1.0	1.0	1.0
M0265_1.02	1.0	1.0	1.0	1.0	1.0	1.0	1.0	1.0
M0266_1.02	1.0	1.0	1.0	1.0	1.0	1.0	0.130110550515	1.0
M0267_1.02	0.131502964568	1.0	1.0	1.0	1.0	1.0	1.0	1.0
M0268_1.02	1.0	1.0	1.0	1.0	1.0	1.0	0.0155476098707	1.0
M0269_1.02	1.0	1.0	1.0	1.0	1.0	1.0	1.0	1.0
M0270_1.02	1.0	1.0	1.0	1.0	1.0	1.0	1.0	1.0
M0271_1.02	1.0	1.0	1.0	1.0	1.0	1.0	1.0	1.0
M0272_1.02	1.0	1.0	1.0	1.0	1.0	1.0	1.0	1.0
M0273_1.02	1.0	1.0	1.0	1.0	1.0	1.0	1.0	1.0
M0329_1.02	1.0	1.0	1.0	1.0	1.0	1.0	0.0409223085379	1.0
M0359_1.02	1.0	1.0	1.0	1.0	1.0	1.0	0.0144316863943	1.0
M0369_1.02	1.0	1.0	1.0	1.0	1.0	1.0	1.0	1.0
M0370_1.02	1.0	1.0	1.0	1.0	1.0	1.0	1.0	1.0
M0371_1.02	1.0	1.0	1.0	1.0	1.0	1.0	1.0	1.0
M0372_1.02	1.0	1.0	1.0	1.0	1.0	1.0	1.0	1.0
M0373_1.02	1.0	1.0	1.0	1.0	1.0	1.0	1.0	1.0
M0374_1.02	1.0	1.0	1.0	1.0	1.0	1.0	1.0	1.0
M0375_1.02	1.0	1.0	1.0	1.0	1.0	1.0	1.0	1.0
M0376_1.02	1.0	1.0	1.0	1.0	1.0	1.0	1.0	1.0
M0377_1.02	1.0	1.0	1.0	1.0	1.0	1.0	1.0	1.0
M0378_1.02	1.0	1.0	1.0	1.0	1.0	1.0	1.0	1.0
M0581_1.02	1.0	1.0	1.0	1.0	1.0	1.0	1.0	1.0
M0582_1.02	1.0	1.0	1.0	1.0	1.0	1.0	1.0	1.0
M0587_1.02	1.0	1.0	1.0	1.0	1.0	1.0	1.0	1.0
M0589_1.02	1.0	1.0	1.0	1.0	1.0	1.0	1.0	1.0
M0591_1.02	1.0	1.0	1.0	1.0	1.0	1.0	1.0	1.0
M0647_1.02	1.0	1.0	1.0	1.0	1.0	1.0	1.0	1.0
M0649_1.02	1.0	1.0	1.0	1.0	1.0	1.0	1.0	1.0
M0650_1.02	1.0	1.0	1.0	1.0	1.0	1.0	1.0	1.0
M0651_1.02	1.0	1.0	1.0	1.0	1.0	1.0	1.0	1.0
M0652_1.02	1.0	1.0	1.0	1.0	1.0	1.0	1.0	1.0
M0653_1.02	1.0	1.0	1.0	1.0	1.0	1.0	1.0	1.0
M0655_1.02	1.0	1.0	1.0	1.0	1.0	1.0	1.0	1.0
M0656_1.02	1.0	1.0	1.0	1.0	1.0	1.0	1.0	1.0
M0657_1.02	1.0	1.0	1.0	1.0	1.0	1.0	1.0	1.0
M0665_1.02	1.0	1.0	1.0	1.0	1.0	1.0	1.0	1.0
M0677_1.02	1.0	1.0	1.0	1.0	1.0	1.0	1.0	1.0
M0680_1.02	1.0	1.0	1.0	1.0	1.0	1.0	1.0	1.0
M0681_1.02	1.0	1.0	1.0	1.0	1.0	1.0	1.0	1.0
M0682_1.02	1.0	1.0	1.0	1.0	1.0	1.0	1.0	1.0
M0683_1.02	1.0	1.0	1.0	1.0	1.0	1.0	1.0	1.0
M0684_1.02	1.0	1.0	1.0	1.0	1.0	1.0	1.0	1.0
M0760_1.02	1.0	1.0	1.0	1.0	1.0	1.0	1.0	1.0
M0761_1.02	1.0	1.0	1.0	1.0	1.0	1.0	1.0	1.0
M0763_1.02	1.0	1.0	1.0	1.0	1.0	1.0	1.0	1.0
M0764_1.02	1.0	1.0	1.0	1.0	1.0	1.0	1.0	1.0
M0765_1.02	1.0	1.0	1.0	1.0	1.0	1.0	1.0	1.0
M0766_1.02	1.0	1.0	1.0	1.0	1.0	1.0	1.0	1.0
M0767_1.02	1.0	1.0	1.0	1.0	1.0	1.0	1.0	1.0
M0768_1.02	1.0	1.0	1.0	1.0	1.0	1.0	1.0	1.0
M0769_1.02	1.0	1.0	1.0	1.0	1.0	1.0	1.0	1.0
M0770_1.02	1.0	1.0	1.0	1.0	1.0	1.0	1.0	1.0
M0771_1.02	1.0	1.0	1.0	1.0	1.0	1.0	1.0	1.0
M0790_1.02	1.0	1.0	1.0	1.0	1.0	1.0	1.0	1.0
M0821_1.02	1.0	1.0	1.0	1.0	1.0	1.0	1.0	1.0
M0840_1.02	1.0	1.0	1.0	1.0	1.0	1.0	1.0	1.0
M0841_1.02	1.0	1.0	1.0	1.0	1.0	1.0	1.0	1.0
M0842_1.02	1.0	1.0	1.0	1.0	1.0	1.0	1.0	1.0
M0843_1.02	1.0	1.0	1.0	1.0	1.0	1.0	1.0	1.0
M0844_1.02	1.0	1.0	1.0	1.0	1.0	1.0	1.0	1.0
M0845_1.02	1.0	1.0	1.0	1.0	1.0	1.0	1.0	1.0
M0846_1.02	1.0	1.0	1.0	1.0	1.0	1.0	1.0	1.0
M0847_1.02	1.0	1.0	1.0	1.0	1.0	1.0	1.0	1.0
M0849_1.02	1.0	1.0	1.0	1.0	1.0	1.0	1.0	1.0
M0850_1.02	1.0	1.0	1.0	1.0	1.0	1.0	1.0	1.0
M0851_1.02	1.0	1.0	1.0	1.0	1.0	1.0	1.0	1.0
M0852_1.02	1.0	1.0	1.0	1.0	1.0	1.0	1.0	1.0
M0855_1.02	1.0	1.0	1.0	1.0	1.0	1.0	1.0	1.0
M1107_1.02	1.0	1.0	1.0	1.0	1.0	1.0	1.0	1.0
M1108_1.02	1.0	1.0	1.0	1.0	1.0	1.0	1.0	1.0
M1195_1.02	1.0	1.0	1.0	1.0	1.0	1.0	1.0	1.0
M1210_1.02	1.0	1.0	1.0	1.0	1.0	1.0	1.0	1.0
M1211_1.02	1.0	1.0	1.0	1.0	1.0	1.0	1.0	1.0
M1274_1.02	1.0	1.0	1.0	1.0	1.0	1.0	1.0	1.0
M1275_1.02	1.0	1.0	1.0	1.0	1.0	1.0	1.0	1.0
M1276_1.02	1.0	1.0	1.0	1.0	1.0	1.0	1.0	1.0
M1277_1.02	1.0	1.0	1.0	1.0	1.0	1.0	1.0	1.0
M1282_1.02	1.0	1.0	1.0	1.0	1.0	1.0	1.0	1.0
M1287_1.02	1.0	1.0	1.0	1.0	1.0	1.0	1.0	1.0
M1290_1.02	1.0	1.0	1.0	1.0	1.0	1.0	1.0	1.0
M1291_1.02	1.0	1.0	1.0	1.0	1.0	1.0	1.0	1.0
M1292_1.02	1.0	1.0	1.0	1.0	1.0	1.0	1.0	1.0
M1293_1.02	1.0	1.0	1.0	1.0	1.0	1.0	1.0	1.0
M1294_1.02	1.0	1.0	1.0	1.0	1.0	1.0	1.0	1.0
M1302_1.02	1.0	1.0	1.0	1.0	1.0	1.0	1.0	1.0
M1309_1.02	1.0	1.0	1.0	1.0	1.0	1.0	1.0	1.0
M1310_1.02	1.0	1.0	1.0	1.0	1.0	1.0	1.0	1.0
M1311_1.02	1.0	1.0	1.0	1.0	1.0	1.0	1.0	1.0
M1313_1.02	1.0	1.0	1.0	1.0	1.0	1.0	1.0	1.0
M1314_1.02	1.0	1.0	1.0	1.0	1.0	1.0	1.0	1.0
M1315_1.02	1.0	1.0	1.0	1.0	1.0	1.0	1.0	1.0
M1316_1.02	1.0	1.0	1.0	1.0	1.0	1.0	1.0	1.0
M1317_1.02	1.0	1.0	1.0	1.0	1.0	1.0	1.0	1.0
M1318_1.02	1.0	1.0	1.0	1.0	1.0	1.0	1.0	1.0
M1319_1.02	1.0	1.0	1.0	1.0	1.0	1.0	1.0	1.0
M1320_1.02	1.0	1.0	1.0	1.0	1.0	1.0	1.0	1.0
M1321_1.02	1.0	1.0	1.0	1.0	1.0	1.0	1.0	1.0
M1322_1.02	1.0	1.0	1.0	1.0	1.0	1.0	1.0	1.0
M1323_1.02	1.0	1.0	1.0	1.0	1.0	1.0	1.0	1.0
M1324_1.02	1.0	1.0	1.0	1.0	1.0	1.0	1.0	1.0
M1325_1.02	1.0	1.0	1.0	1.0	1.0	1.0	1.0	1.0
M1326_1.02	1.0	1.0	1.0	1.0	1.0	1.0	1.0	1.0
M1327_1.02	1.0	1.0	1.0	1.0	1.0	1.0	1.0	1.0
M1328_1.02	1.0	1.0	1.0	1.0	1.0	1.0	1.0	1.0
M1329_1.02	1.0	1.0	1.0	1.0	1.0	1.0	1.0	1.0
M1330_1.02	1.0	1.0	1.0	1.0	1.0	1.0	1.0	1.0
M1331_1.02	1.0	1.0	1.0	1.0	1.0	1.0	1.0	1.0
M1332_1.02	1.0	1.0	1.0	1.0	1.0	1.0	1.0	1.0
M1333_1.02	1.0	1.0	1.0	1.0	1.0	1.0	1.0	1.0
M1334_1.02	1.0	1.0	1.0	1.0	1.0	1.0	1.0	1.0
M1335_1.02	1.0	1.0	1.0	1.0	1.0	1.0	1.0	1.0
M1336_1.02	1.0	1.0	1.0	1.0	1.0	1.0	1.0	1.0
M1337_1.02	1.0	1.0	1.0	1.0	1.0	1.0	1.0	1.0
M1338_1.02	1.0	1.0	1.0	1.0	1.0	1.0	1.0	1.0
M1339_1.02	1.0	1.0	1.0	1.0	1.0	1.0	1.0	1.0
M1340_1.02	1.0	1.0	0.101271422766	1.0	1.0	1.0	1.0	1.0
M1341_1.02	1.0	1.0	1.0	1.0	1.0	1.0	1.0	1.0
M1342_1.02	1.0	1.0	1.0	1.0	1.0	1.0	1.0	1.0
M1343_1.02	1.0	1.0	1.0	1.0	1.0	1.0	1.0	1.0
M1344_1.02	1.0	1.0	1.0	1.0	1.0	1.0	1.0	1.0
M1345_1.02	1.0	1.0	1.0	1.0	1.0	1.0	1.0	1.0
M1346_1.02	1.0	1.0	1.0	1.0	1.0	1.0	1.0	1.0
M1363_1.02	1.0	1.0	1.0	1.0	1.0	1.0	1.0	1.0
M1364_1.02	1.0	1.0	1.0	1.0	1.0	1.0	1.0	1.0
M1365_1.02	1.0	1.0	1.0	1.0	1.0	1.0	1.0	1.0
M1384_1.02	1.0	1.0	1.0	1.0	1.0	1.0	1.0	1.0
M1388_1.02	1.0	1.0	1.0	1.0	1.0	1.0	1.0	1.0
M1400_1.02	1.0	1.0	1.0	1.0	1.0	1.0	1.0	1.0
M1401_1.02	1.0	1.0	1.0	1.0	1.0	1.0	1.0	1.0
M1402_1.02	1.0	1.0	1.0	1.0	1.0	1.0	1.0	1.0
M1404_1.02	1.0	1.0	1.0	1.0	1.0	1.0	1.0	1.0
M1405_1.02	1.0	1.0	1.0	1.0	1.0	1.0	1.0	1.0
M1406_1.02	1.0	1.0	1.0	1.0	1.0	1.0	1.0	1.0
M1407_1.02	1.0	1.0	1.0	1.0	1.0	1.0	1.0	1.0
M1408_1.02	1.0	1.0	1.0	1.0	1.0	1.0	1.0	1.0
M1409_1.02	1.0	1.0	1.0	1.0	1.0	1.0	1.0	1.0
M1410_1.02	1.0	1.0	1.0	1.0	1.0	1.0	1.0	1.0
M1411_1.02	1.0	1.0	1.0	1.0	1.0	1.0	1.0	1.0
M1412_1.02	1.0	1.0	1.0	1.0	1.0	1.0	1.0	1.0
M1413_1.02	1.0	1.0	1.0	1.0	1.0	1.0	1.0	1.0
M1414_1.02	1.0	1.0	1.0	1.0	1.0	1.0	1.0	1.0
M1415_1.02	1.0	1.0	1.0	1.0	1.0	1.0	1.0	1.0
M1416_1.02	1.0	1.0	1.0	1.0	1.0	1.0	1.0	1.0
M1559_1.02	1.0	1.0	1.0	1.0	1.0	1.0	1.0	1.0
M1560_1.02	1.0	1.0	1.0	1.0	1.0	1.0	1.0	1.0
M1561_1.02	1.0	1.0	1.0	1.0	1.0	1.0	1.0	1.0
M1562_1.02	1.0	1.0	1.0	1.0	1.0	1.0	1.0	1.0
M1563_1.02	1.0	1.0	1.0	1.0	1.0	1.0	1.0	1.0
M1564_1.02	1.0	1.0	1.0	1.0	1.0	1.0	1.0	1.0
M1565_1.02	1.0	1.0	1.0	1.0	1.0	1.0	1.0	1.0
M1566_1.02	1.0	1.0	1.0	1.0	1.0	1.0	1.0	1.0
M1567_1.02	1.0	1.0	1.0	1.0	1.0	1.0	1.0	1.0
M1568_1.02	1.0	1.0	1.0	1.0	1.0	1.0	1.0	1.0
M1569_1.02	1.0	1.0	1.0	1.0	1.0	1.0	1.0	1.0
M1570_1.02	1.0	1.0	1.0	1.0	1.0	1.0	1.0	1.0
M1571_1.02	1.0	1.0	1.0	1.0	1.0	1.0	1.0	1.0
M1572_1.02	1.0	1.0	1.0	1.0	1.0	1.0	1.0	1.0
M1575_1.02	1.0	1.0	1.0	1.0	1.0	1.0	1.0	1.0
M1576_1.02	1.0	1.0	1.0	1.0	1.0	1.0	1.0	1.0
M1618_1.02	1.0	1.0	1.0	1.0	1.0	1.0	1.0	1.0
M1619_1.02	1.0	1.0	1.0	1.0	1.0	1.0	1.0	1.0
M1620_1.02	1.0	1.0	1.0	1.0	1.0	1.0	1.0	1.0
M1643_1.02	1.0	1.0	1.0	1.0	1.0	1.0	1.0	1.0
M1644_1.02	1.0	1.0	1.0	1.0	1.0	1.0	1.0	1.0
M1645_1.02	1.0	1.0	1.0	1.0	1.0	1.0	1.0	1.0
M1646_1.02	1.0	1.0	1.0	1.0	1.0	1.0	1.0	1.0
M1647_1.02	1.0	1.0	1.0	1.0	1.0	1.0	1.0	1.0
M1648_1.02	1.0	1.0	1.0	1.0	1.0	1.0	1.0	1.0
M1649_1.02	1.0	1.0	1.0	1.0	1.0	1.0	1.0	1.0
M1650_1.02	1.0	1.0	1.0	1.0	1.0	1.0	1.0	1.0
M1651_1.02	1.0	1.0	1.0	1.0	1.0	1.0	1.0	1.0
M1652_1.02	1.0	1.0	1.0	1.0	1.0	1.0	1.0	1.0
M1653_1.02	1.0	1.0	1.0	1.0	1.0	1.0	1.0	1.0
M1654_1.02	1.0	1.0	1.0	1.0	1.0	1.0	1.0	1.0
M1655_1.02	1.0	1.0	1.0	1.0	1.0	1.0	1.0	1.0
M1656_1.02	1.0	1.0	0.361050919564	1.0	1.0	1.0	1.0	1.0
M1657_1.02	1.0	1.0	1.0	1.0	1.0	1.0	1.0	1.0
M1658_1.02	1.0	1.0	1.0	1.0	1.0	1.0	1.0	1.0
M1659_1.02	1.0	1.0	1.0	1.0	1.0	1.0	1.0	1.0
M1660_1.02	1.0	1.0	1.0	1.0	1.0	1.0	1.0	1.0
M1661_1.02	1.0	1.0	1.0	1.0	1.0	1.0	1.0	1.0
M1662_1.02	1.0	1.0	0.712465505864	1.0	1.0	1.0	1.0	1.0
M1663_1.02	1.0	1.0	1.0	1.0	1.0	1.0	1.0	1.0
M1677_1.02	1.0	1.0	1.0	1.0	1.0	1.0	1.0	1.0
M1678_1.02	1.0	1.0	1.0	1.0	1.0	1.0	1.0	1.0
M1679_1.02	1.0	1.0	1.0	1.0	1.0	1.0	1.0	1.0
M1680_1.02	1.0	1.0	1.0	1.0	1.0	1.0	1.0	1.0
M1681_1.02	1.0	1.0	1.0	1.0	1.0	1.0	1.0	1.0
M1682_1.02	1.0	1.0	1.0	1.0	1.0	1.0	1.0	1.0
M1683_1.02	1.0	1.0	1.0	1.0	1.0	1.0	1.0	1.0
M1684_1.02	1.0	1.0	1.0	1.0	1.0	1.0	1.0	1.0
M1685_1.02	1.0	1.0	1.0	1.0	1.0	1.0	1.0	1.0
M1686_1.02	1.0	1.0	1.0	1.0	1.0	1.0	1.0	1.0
M1687_1.02	1.0	1.0	1.0	1.0	1.0	1.0	1.0	1.0
M1688_1.02	1.0	1.0	1.0	1.0	1.0	1.0	1.0	1.0
M1689_1.02	1.0	1.0	1.0	1.0	1.0	1.0	1.0	1.0
M1690_1.02	1.0	1.0	1.0	1.0	1.0	1.0	1.0	1.0
M1691_1.02	1.0	1.0	1.0	1.0	1.0	1.0	1.0	1.0
M1692_1.02	1.0	1.0	1.0	1.0	1.0	1.0	1.0	1.0
M1693_1.02	1.0	1.0	1.0	1.0	1.0	1.0	1.0	1.0
M1694_1.02	1.0	1.0	1.0	1.0	1.0	1.0	1.0	1.0
M1695_1.02	1.0	1.0	1.0	1.0	1.0	1.0	1.0	1.0
M1696_1.02	1.0	1.0	1.0	1.0	1.0	1.0	1.0	1.0
M1697_1.02	1.0	1.0	1.0	1.0	1.0	1.0	1.0	1.0
M1698_1.02	1.0	1.0	1.0	1.0	1.0	1.0	1.0	1.0
M1699_1.02	1.0	1.0	1.0	1.0	1.0	1.0	1.0	1.0
M1700_1.02	1.0	1.0	1.0	1.0	1.0	1.0	1.0	1.0
M1701_1.02	1.0	1.0	1.0	1.0	1.0	1.0	1.0	1.0
M1702_1.02	1.0	1.0	1.0	1.0	1.0	1.0	1.0	1.0
M1704_1.02	1.0	1.0	1.0	1.0	1.0	1.0	1.0	1.0
M1836_1.02	1.0	1.0	1.0	1.0	1.0	1.0	1.0	1.0
M1840_1.02	1.0	1.0	1.0	1.0	1.0	1.0	1.0	1.0
M1877_1.02	1.0	1.0	1.0	1.0	1.0	1.0	1.0	1.0
M1909_1.02	1.0	1.0	1.0	1.0	1.0	1.0	1.0	1.0
M1921_1.02	1.0	1.0	1.0	1.0	1.0	1.0	1.0	1.0
M1932_1.02	1.0	1.0	1.0	1.0	1.0	1.0	1.0	1.0
M1940_1.02	1.0	1.0	1.0	1.0	1.0	1.0	1.0	1.0
M1941_1.02	1.0	1.0	1.0	1.0	1.0	1.0	1.0	1.0
M1943_1.02	1.0	1.0	1.0	1.0	1.0	1.0	1.0	1.0
M1948_1.02	1.0	1.0	1.0	1.0	1.0	1.0	0.00314398534967	1.0
M1949_1.02	1.0	1.0	1.0	1.0	1.0	1.0	1.0	1.0
M2191_1.02	1.0	1.0	1.0	1.0	1.0	1.0	1.0	1.0
M2341_1.02	1.0	1.0	1.0	1.0	1.0	1.0	1.0	1.0
M2342_1.02	1.0	1.0	1.0	1.0	1.0	1.0	1.0	1.0
M2343_1.02	1.0	1.0	1.0	1.0	0.222646323607	1.0	0.000173179562051	1.0
M2344_1.02	1.0	1.0	1.0	1.0	1.0	1.0	0.00401496622743	1.0
M2345_1.02	1.0	1.0	1.0	1.0	1.0	1.0	0.00100323924208	0.46879706958
M2346_1.02	1.0	1.0	1.0	1.0	1.0	1.0	1.0	1.0
M2347_1.02	1.0	1.0	1.0	1.0	1.0	1.0	1.0	1.0
M2348_1.02	1.0	1.0	1.0	1.0	1.0	1.0	1.0	1.0
M2349_1.02	1.0	1.0	1.0	1.0	1.0	1.0	1.0	1.0
M2350_1.02	1.0	1.0	1.0	1.0	1.0	1.0	1.0	1.0
M2351_1.02	1.0	1.0	1.0	1.0	1.0	1.0	1.0	1.0
M2352_1.02	1.0	1.0	1.0	1.0	1.0	1.0	1.0	1.0
M2353_1.02	1.0	1.0	1.0	1.0	0.364637862779	1.0	1.0	1.0
M2354_1.02	1.0	1.0	1.0	1.0	1.0	1.0	0.989349416231	0.095292234728
M2355_1.02	1.0	1.0	1.0	1.0	0.309588464484	1.0	1.0	1.0
M2356_1.02	1.0	1.0	1.0	1.0	1.0	1.0	1.0	1.0
M2357_1.02	1.0	1.0	1.0	1.0	1.0	1.0	1.0	1.0
M2358_1.02	1.0	1.0	1.0	1.0	1.0	1.0	1.0	1.0
M2359_1.02	1.0	1.0	1.0	1.0	1.0	1.0	1.0	1.0
M2360_1.02	1.0	1.0	1.0	1.0	1.0	1.0	1.0	1.0
M2361_1.02	1.0	1.0	1.0	1.0	1.0	1.0	1.0	1.0
M2362_1.02	1.0	1.0	1.0	1.0	1.0	1.0	1.0	1.0
M2363_1.02	1.0	1.0	1.0	1.0	1.0	1.0	0.657058223791	1.0
M2364_1.02	1.0	1.0	1.0	1.0	1.0	1.0	1.0	1.0
M2365_1.02	1.0	1.0	1.0	1.0	1.0	1.0	1.0	1.0
M2366_1.02	1.0	1.0	1.0	1.0	1.0	1.0	1.0	1.0
M2367_1.02	1.0	1.0	1.0	1.0	1.0	1.0	1.0	1.0
M2368_1.02	1.0	1.0	1.0	1.0	1.0	1.0	1.0	1.0
M2369_1.02	1.0	1.0	0.405568381279	1.0	1.0	1.0	1.0	1.0
M2370_1.02	1.0	1.0	1.0	1.0	1.0	1.0	1.0	1.0
M2371_1.02	1.0	1.0	1.0	1.0	1.0	1.0	1.0	1.0
M2372_1.02	1.0	1.0	1.0	1.0	1.0	1.0	1.0	1.0
M2373_1.02	1.0	1.0	1.0	1.0	1.0	1.0	1.0	1.0
M2374_1.02	1.0	1.0	1.0	1.0	1.0	1.0	1.0	1.0
M2375_1.02	1.0	1.0	1.0	1.0	1.0	1.0	1.0	1.0
M2376_1.02	1.0	1.0	1.0	1.0	1.0	1.0	1.0	1.0
M2377_1.02	1.0	1.0	1.0	1.0	1.0	1.0	1.0	1.0
M2378_1.02	1.0	1.0	1.0	1.0	1.0	1.0	1.0	1.0
M2379_1.02	1.0	1.0	1.0	1.0	1.0	1.0	1.0	1.0
M2380_1.02	1.0	1.0	1.0	1.0	1.0	1.0	1.0	1.0
M2381_1.02	1.0	1.0	1.0	1.0	1.0	1.0	1.0	1.0
M2382_1.02	1.0	1.0	1.0	1.0	1.0	1.0	1.0	1.0
M2383_1.02	1.0	1.0	1.0	1.0	1.0	1.0	1.0	1.0
M2606_1.02	1.0	1.0	1.0	1.0	1.0	1.0	1.0	1.0
M2619_1.02	1.0	1.0	1.0	1.0	1.0	1.0	1.0	1.0
M2620_1.02	1.0	1.0	1.0	1.0	1.0	1.0	1.0	1.0
M2631_1.02	1.0	1.0	1.0	1.0	1.0	1.0	1.0	1.0
M2661_1.02	1.0	1.0	1.0	1.0	1.0	1.0	1.0	1.0
M2662_1.02	1.0	1.0	1.0	1.0	1.0	1.0	1.0	1.0
M2663_1.02	1.0	1.0	1.0	1.0	1.0	1.0	1.0	1.0
M2681_1.02	1.0	1.0	1.0	1.0	1.0	1.0	1.0	1.0
M2682_1.02	1.0	1.0	1.0	1.0	1.0	1.0	1.0	1.0
M2699_1.02	1.0	1.0	1.0	1.0	1.0	1.0	1.0	1.0
M2843_1.02	1.0	1.0	1.0	1.0	1.0	1.0	1.0	1.0
M2862_1.02	1.0	1.0	0.315265493595	1.0	0.365132593277	1.0	1.0	1.0
M2863_1.02	1.0	1.0	1.0	1.0	1.0	1.0	1.0	1.0
M2866_1.02	1.0	1.0	1.0	1.0	1.0	1.0	1.0	1.0
M2867_1.02	1.0	1.0	1.0	1.0	1.0	1.0	1.0	1.0
M4010_1.02	1.0	1.0	1.0	1.0	1.0	1.0	1.0	1.0
M4011_1.02	1.0	1.0	1.0	1.0	1.0	1.0	1.0	1.0
M4266_1.02	1.0	1.0	1.0	1.0	1.0	1.0	1.0	1.0
M4708_1.02	1.0	1.0	1.0	1.0	1.0	1.0	1.0	1.0
M5276_1.02	1.0	1.0	1.0	1.0	1.0	1.0	1.0	1.0
M6502_1.02	1.0	1.0	1.0	1.0	1.0	1.0	1.0	1.0