Motif ID	1	2	3	4	5	6	7	8
FZ_AHL12_01	1.0	1.0	1.0	1.0	1.0	1.0	1.0	1.0
FZ_AHL12_02	0.176450183948	1.0	0.0125924659805	1.0	0.0902445705346	0.398702252986	1.0	1.0
FZ_AHL12_03	1.0	1.0	1.0	1.0	1.0	1.0	1.0	1.0
FZ_AHL20_01	1.0	1.0	1.0	1.0	1.0	1.0	1.0	1.0
FZ_AHL20_02	0.23861262435	0.433847827066	1.0	1.0	1.0	1.0	0.0377584979012	1.0
FZ_AHL20_03	1.0	1.0	1.0	1.0	1.0	1.0	1.0	1.0
FZ_AHL25_01	0.235154676251	0.42846883177	0.126732710046	1.0	0.430000164446	0.504620684388	0.260908778671	0.239508170376
FZ_AHL25_03	1.0	1.0	1.0	1.0	0.0791049857444	1.0	1.0	1.0
FZ_ANAC46_01	1.0	0.0465931213453	0.261889723678	1.0	0.879733154459	0.636329549351	0.0698801375246	1.0
FZ_ANAC55_01	0.254548448799	0.458294623445	0.0472078518373	1.0	0.0227400597672	0.178548948205	1.0	1.0
FZ_ANAC55_02	1.0	1.0	0.341350525507	1.0	0.390339045757	1.0	0.0967155241911	1.0
FZ_ANAC58_01	1.0	1.0	0.458414899107	0.269940872601	1.0	1.0	0.315482151969	1.0
FZ_ARR11_01	1.0	0.398915058544	0.103047724769	0.021823174541	0.737707279634	1.0	1.0	1.0
FZ_ARR11_02	1.0	1.0	0.787543087974	1.0	0.840503380452	0.583840380993	0.314313505978	1.0
FZ_ARR11_03	1.0	0.204791739319	0.0393803166331	0.315039277861	0.891146801937	1.0	1.0	0.0636358487819
FZ_ARR14_01	1.0	0.398915058544	0.309445624084	0.204147436135	0.737707279634	1.0	0.240494100136	1.0
FZ_ARR14_02	1.0	1.0	0.74334706009	1.0	0.800465098189	0.536860976132	0.282009500456	1.0
FZ_ARR14_03	1.0	1.0	0.107343791484	1.0	0.393004033439	1.0	1.0	0.0265611098692
FZ_AT1G77200_01	1.0	1.0	0.246174068023	1.0	0.576085959013	0.0556828486306	1.0	1.0
FZ_AT4G35610_01	1.0	1.0	0.730466108258	1.0	0.457635352965	0.523845655952	1.0	1.0
FZ_AT5G28300_01	1.0	1.0	0.569544912487	1.0	1.0	0.0821715641372	1.0	1.0
FZ_ATERF1_01	1.0	0.0789231829043	0.150178501567	1.0	0.986256594098	0.870930569156	1.0	0.549780913878
FZ_ATERF1_02	1.0	0.169887209567	0.490040572214	1.0	0.859175766941	0.607864538807	1.0	1.0
FZ_ATHB12_01	0.0585343250657	0.560181338394	0.541486124931	1.0	0.884626962755	1.0	1.0	1.0
FZ_ATHB51_01	1.0	1.0	1.0	1.0	0.435587337929	0.508526294194	1.0	1.0
FZ_BZIP60_01	1.0	1.0	1.0	1.0	1.0	1.0	1.0	1.0
FZ_BZIP60_02	1.0	1.0	1.0	1.0	1.0	1.0	1.0	1.0
FZ_CCA1_01	0.422966709722	1.0	0.921578580892	1.0	0.000918793005663	0.172583984625	0.462114431247	1.0
FZ_CCA1_02	1.0	1.0	0.775303168418	1.0	0.100282881547	1.0	1.0	1.0
FZ_DAG2_01	1.0	1.0	0.905182666879	0.378950892275	0.765882447284	0.0442072959077	0.436654607642	0.0017646341481
FZ_DDF1_01	1.0	0.513400818756	0.212430970783	0.27611756716	2.16299704498e-05	0.2270670568	1.0	1.0
FZ_DEAR3_01	1.0	0.410869723452	0.58690841316	0.652056461725	0.985023764127	0.560221484135	0.358549697405	0.683921185421
FZ_DEAR3_02	0.426463420219	0.108830687347	0.725653222992	1.0	0.583495003826	0.766989273656	1.0	1.0
FZ_DEAR4_01	1.0	0.658547061246	0.686054835037	0.382471558641	0.531938972451	0.150845554427	0.113530528987	0.408967861195
FZ_DEAR4_02	1.0	0.0396719467212	0.398128614539	1.0	0.870112624196	0.682801756897	0.639725973304	1.0
FZ_DOF5.7_01	1.0	1.0	1.0	1.0	1.0	1.0	1.0	1.0
FZ_DOF5.7_02	1.0	1.0	1.0	1.0	1.0	1.0	1.0	1.0
FZ_DREB2C_01	0.354383360902	0.230019807918	0.32585595187	1.0	1.0	0.682245402795	1.0	0.360370468435
FZ_DREB2C_02	0.430805155119	0.691486557707	0.259739020438	1.0	0.954584258465	0.0160875265993	0.47034747788	1.0
FZ_ERF1_01	1.0	0.0157123671564	0.08010922088	1.0	0.969563198517	1.0	0.667253377454	1.0
FZ_ERF1_01A	1.0	1.0	1.0	1.0	1.0	1.0	1.0	1.0
FZ_ETT_01	0.0720537859049	0.603761513134	0.87175126556	1.0	0.434502757734	0.0289746204117	0.0886007700373	0.36431935834
FZ_ETT_02	0.187553528349	0.351725954822	0.0157721885292	0.176702879131	1.0	0.419712686903	0.208830720857	1.0
FZ_GATA12_01	1.0	1.0	0.311991880572	1.0	0.739870813645	0.134730656892	0.241786067009	1.0
FZ_GLK1_01	1.0	0.345575268919	1.0	1.0	1.0	1.0	1.0	1.0
FZ_GLK1_02	1.0	0.35666173099	0.146024529539	0.108527014864	0.63974797215	0.4671871431	1.0	1.0
FZ_HSFB2A_01	1.0	0.397018525239	1.0	0.203021977724	0.735525821813	0.132080120407	1.0	1.0
FZ_HSFB2A_02	0.245482679032	0.0210595836212	0.372312434864	1.0	0.786782637146	1.0	1.0	1.0
FZ_HSFC1_01	0.23861262435	0.433847827066	0.357402439349	1.0	0.43836987625	1.0	1.0	1.0
FZ_HSFC1_02	1.0	1.0	0.843913605107	1.0	0.64364443925	0.280762598009	1.0	1.0
FZ_ICU4_01	1.0	1.0	1.0	1.0	1.0	1.0	1.0	0.082376311591
FZ_KAN1_01	1.0	1.0	1.0	1.0	0.0474837086267	0.137393215416	1.0	1.0
FZ_KAN4_01	1.0	0.38163149846	0.00435600348221	0.193962141193	1.0	0.453123857772	1.0	1.0
FZ_KAN4_02	1.0	0.456583625733	0.0115505097885	0.239353299649	0.798803815589	0.0412511581785	1.0	0.258052585996
FZ_LBD16_01	1.0	1.0	1.0	1.0	0.620763133643	0.0794533859564	0.351864254385	1.0
FZ_MYB111_01	1.0	0.199101710107	0.545608823739	1.0	0.066444063994	1.0	0.360659152245	1.0
FZ_MYB111_02	1.0	0.689523327203	0.475504688859	1.0	0.0864097944861	0.17937148634	0.468528664646	1.0
FZ_MYB46_01	1.0	0.481696101686	0.17730356423	1.0	0.0939932491425	0.56184226075	0.298941802888	1.0
FZ_MYB46_02	0.16788519093	0.787959174542	0.254902169208	0.501300115155	0.00772959187126	0.303723154324	0.567505209331	0.531888978177
FZ_MYB52_01	1.0	1.0	1.0	1.0	1.0	0.457432020788	1.0	0.212053102498
FZ_MYB52_02	1.0	0.133026427547	0.757319397978	0.248977611928	0.0867032551119	0.00854285052704	1.0	1.0
FZ_MYB55_01	1.0	1.0	0.142433660458	1.0	0.201106001787	0.16876832185	1.0	1.0
FZ_MYB55_02	0.568709047581	0.827085972385	0.0926248391947	0.183156775752	0.305341323879	0.174897354972	0.612648336794	0.576363386277
FZ_MYB59_01	1.0	0.0636379431708	0.0631100296961	1.0	1.0	1.0	1.0	1.0
FZ_MYC2_01	0.110669023726	1.0	1.0	1.0	1.0	0.264579924504	1.0	0.00641322428747
FZ_MYC3_01	0.0393683160281	1.0	1.0	1.0	0.513050460005	0.198355717567	1.0	0.00406208831133
FZ_MYC4_01	0.377457598951	1.0	0.371130865129	0.358323143461	0.730895289179	0.349909936972	0.414036918726	0.0123781922617
FZ_ORA47_01	0.492198052387	0.165660790691	0.818981665766	1.0	0.884409210395	0.527092304497	0.175537202278	1.0
FZ_ORA47_02	1.0	0.496824430314	0.503187952385	1.0	0.63609766982	0.346656440535	0.596289177102	1.0
FZ_PIF3_01	0.620756195187	0.867786354246	0.283362504949	0.596526387738	0.0821831391622	0.107630574777	0.294454869555	0.0744884549166
FZ_PIF4_01	0.143532955444	1.0	1.0	1.0	1.0	0.333672514033	1.0	0.0109492715502
FZ_PIF5_01	0.0393683160281	1.0	1.0	1.0	0.246174042626	0.198355717567	1.0	0.00406208831133
FZ_RAP2.3_01	1.0	0.0401505957695	0.400865444778	1.0	0.223368061119	0.684577967859	1.0	0.604511123468
FZ_RAP2.3_02	1.0	0.0335528082721	0.00671644533105	1.0	0.189915141459	0.186571381715	1.0	0.586172817284
FZ_RAP2.3_03	1.0	0.0680831620405	0.126522963546	1.0	0.0502359303781	0.575696159026	1.0	0.531159004226
FZ_RAP2.6_01	0.674241093715	0.200609611868	0.0337889122325	1.0	0.857945817039	0.789343606539	0.717733378272	0.681928803913
FZ_RAP2.6_02	1.0	0.112787071904	0.0158933157943	1.0	0.95496142657	0.18230289287	0.471254592902	0.438466626545
FZ_RAP2.6_03	1.0	1.0	0.362387051921	1.0	0.779594905568	0.161841474876	1.0	1.0
FZ_REM1_01	1.0	1.0	1.0	1.0	0.360878575474	1.0	1.0	1.0
FZ_REM1_02	1.0	0.470123217023	0.408947839468	1.0	0.49499144672	0.549523346084	0.290525210138	1.0
FZ_RRTF1_01	1.0	0.013645505088	0.143442728138	1.0	0.252501702747	0.705268133086	1.0	0.619083851998
FZ_RRTF1_02	1.0	0.0312408568383	0.193222795966	1.0	0.485779767316	0.647501700043	1.0	0.579001275118
FZ_RRTF1_03	1.0	0.035299709818	0.108498271567	1.0	0.515142669208	0.665522530812	0.627714749096	0.591313212832
FZ_RVE1_01	0.221168523	0.4064423293	0.685644014359	1.0	0.0483557929286	0.480532105957	1.0	0.225302765299
FZ_RVE1_02	1.0	1.0	0.306897501873	1.0	0.38140155546	0.470155562032	1.0	1.0
FZ_SPL1_01	1.0	1.0	0.541641429655	1.0	0.23431434479	0.35693611516	1.0	0.15809663555
FZ_SPL1_02	1.0	1.0	0.685644014359	1.0	1.0	0.480532105957	0.24564904393	0.225302765299
FZ_SPL7_01	1.0	1.0	1.0	1.0	0.682686303395	0.422001752062	1.0	0.0193066650632
FZ_STY1_01	1.0	1.0	0.660524717674	1.0	0.7220523055	1.0	1.0	1.0
FZ_STY1_02	1.0	1.0	0.0545544038116	0.339842862261	0.222796381668	0.687254123957	1.0	1.0
FZ_TCP15_01	0.553278861875	0.497821608181	0.0123303195828	1.0	0.0130251559588	0.0590960238763	0.227261189255	0.196096227509
FZ_TCP16_01	0.452035870733	0.35439989549	0.298102632977	1.0	0.636392448197	0.793237632281	0.145829528202	1.0
FZ_TCP23_01	0.58488947972	0.272803316315	0.0499567239779	1.0	0.0222580795653	0.398902851273	0.0166723811261	0.592588510842
FZ_TGA2_01	1.0	0.175448970376	0.501053450815	0.289325721819	0.592288331796	0.615562802231	1.0	0.311069012285
FZ_TGA2_02	0.142749476945	0.404544847652	0.594656229451	0.128318133057	0.493741616744	0.252675773357	1.0	0.147633719474
FZ_TOE1_01	0.235154676251	1.0	0.710940873462	1.0	1.0	0.504620684388	1.0	1.0
FZ_TOE1_02	1.0	1.0	0.718914437677	1.0	0.777760575582	0.512401360196	1.0	1.0
FZ_TOE1_03	1.0	1.0	0.650903299437	1.0	0.7126922829	1.0	1.0	0.207180239109
FZ_TOE2_01	0.22234353274	1.0	1.0	1.0	1.0	1.0	1.0	1.0
FZ_TOE2_02	1.0	1.0	0.306897501873	1.0	0.38140155546	0.470155562032	1.0	1.0
FZ_TOE2_03	0.131841222317	1.0	1.0	1.0	1.0	1.0	0.0111193689606	1.0
FZ_WOX13_01	1.0	0.294244880637	1.0	1.0	0.599974588923	1.0	1.0	1.0
FZ_WOX13_02	0.0246879943505	1.0	1.0	1.0	0.384311107158	1.0	1.0	0.220510143108
FZ_WRKY12_01	1.0	0.674399603302	0.102554727281	0.089263487176	0.947669032629	0.755587413096	1.0	0.103395097314
FZ_WRKY18_01	1.0	1.0	0.340977425447	0.343580052141	0.0998483112112	0.112948387707	0.397779830454	0.368244373822
FZ_WRKY38_01	1.0	0.694408387051	0.264293682752	0.0978835330082	0.955706427909	0.774295786719	1.0	0.113202610874
FZ_WRKY45_01	1.0	1.0	0.0989709097146	0.0875685422094	0.786520680983	1.0	0.450941451004	0.101463655473
FZ_YAB1_01	1.0	1.0	0.650903299437	1.0	0.7126922829	1.0	0.0271029920514	1.0
FZ_YAB5_01	1.0	1.0	0.557358470253	1.0	0.249465900148	1.0	1.0	1.0
FZ_ZAT14_01	1.0	0.234134087901	0.446661931137	1.0	1.0	0.284612126314	1.0	1.0
FZ_ZAT18_01	1.0	1.0	0.458115397964	1.0	1.0	1.0	1.0	1.0
FZ_ZAT2_01	1.0	1.0	0.75043054105	1.0	0.806974700059	0.544139219603	0.286887823484	1.0
FZ_ZAT6_01	0.160149394368	1.0	1.0	1.0	0.246432383845	1.0	1.0	1.0
M0004_1.02	0.689416270742	0.22081671154	0.618530263039	1.0	0.953066347567	0.953292842805	0.732517833747	1.0
M0005_1.02	1.0	0.289806158744	0.402233406413	1.0	0.958824472879	1.0	0.641587397149	0.605129074796
M0006_1.02	0.288031854425	0.382995303833	0.546437177006	0.635132354413	0.693854925115	0.529352248335	0.338178755746	1.0
M0007_1.02	1.0	0.367673125803	0.707886207603	1.0	0.672175416197	1.0	0.693776693899	0.657577083531
M0009_1.02	0.678225344488	0.414225022039	0.591681305793	1.0	0.863529676614	0.79433184362	0.721623739093	0.685901345222
M0010_1.02	1.0	0.521378198858	0.539304818461	1.0	0.836950245087	0.644587823368	0.613315663469	1.0
M0011_1.02	0.656234815946	0.377895580782	0.538881016536	1.0	0.929873998152	0.939061207379	0.700076465355	0.663962717077
M0012_1.02	0.675740813946	0.410030025202	0.757676987936	1.0	0.729937542927	0.791226438638	0.719198474783	1.0
M0014_1.02	1.0	0.465310742451	0.456805405088	0.507670518028	0.984285631061	0.313375830096	0.0101446065491	0.538408861908
M0015_1.02	0.596169970204	0.288101527432	0.399497175573	0.572089720717	0.870841723153	0.417845577818	0.26867491942	1.0
M0016_1.02	1.0	0.167943492591	0.204473880436	0.471998970526	0.976321524543	0.261107771768	0.0409167566253	0.501803972016
M0017_1.02	1.0	0.5281109513	1.0	0.550089504487	1.0	0.651357720734	0.0699872875908	1.0
M0018_1.02	1.0	0.202539717389	0.0147836747423	1.0	0.944265522526	0.559303744339	1.0	0.683424238642
M0019_1.02	0.485971493713	0.750608140738	0.363761469867	1.0	0.294732606941	1.0	1.0	0.49320392344
M0020_1.02	1.0	0.359134643578	0.510706192981	1.0	0.976768068704	0.933420293542	0.320757251833	0.652165086579
M0021_1.02	0.535893970613	0.472526818927	0.684756725907	1.0	0.599883584524	1.0	0.579252688972	0.18224909411
M0022_1.02	0.660955932869	0.18413156348	0.72964280606	1.0	0.933561563635	0.772397313256	0.704717676274	0.668675278486
M0023_1.02	0.707076499787	0.0412607257402	0.198964197034	1.0	0.962953595572	1.0	0.398013278019	1.0
M0024_1.02	1.0	0.0619039892197	0.0204383267292	1.0	0.918627304497	0.499310797166	0.686805411007	0.650525217979
M0025_1.02	1.0	0.08657007185	0.265148780868	1.0	0.947248534894	0.949573126588	0.723549142626	0.68786935651
M0026_1.02	1.0	0.499812249808	0.312045327564	1.0	0.935050749204	0.0190762088777	1.0	1.0
M0027_1.02	1.0	0.136200045387	0.776522621188	0.438623668881	0.850084264479	0.47747935174	1.0	1.0
M0028_1.02	0.643875484832	0.358279961329	0.0483222104777	1.0	0.919584075719	0.933151932593	0.687887962318	1.0
M0029_1.02	1.0	0.18288341393	0.121931045888	1.0	0.836858696138	0.530304973377	0.70369242477	0.667633667514
M0030_1.02	1.0	0.298670445313	0.184671945347	1.0	0.0142088815304	0.359470702213	1.0	1.0
M0031_1.02	1.0	1.0	0.557821886873	1.0	0.00703907202466	0.654614943775	1.0	0.339241435834
M0032_1.02	0.353403985677	0.228867634634	0.596835802357	1.0	0.0905700814458	0.314079907395	1.0	1.0
M0033_1.02	1.0	0.0606684174426	0.325493429221	1.0	0.805989060243	0.931519087312	0.684629244884	0.648326946124
M0034_1.02	1.0	1.0	1.0	1.0	0.066444063994	0.0853081590141	0.360659152245	1.0
M0035_1.02	1.0	0.12464001651	0.0105099620102	1.0	0.961605492791	0.43036994844	1.0	0.611256820962
M0036_1.02	1.0	0.227451457673	0.174917569982	1.0	0.955883089425	0.813830223814	0.73712289002	0.701780792028
M0037_1.02	1.0	0.0359124657569	0.046174754708	1.0	0.988642736955	0.814394722251	0.73757909454	0.702249505891
M0038_1.02	1.0	0.0771367275261	0.0302381501406	1.0	0.938201603807	0.944002631471	0.347462277922	0.67485815239
M0039_1.02	1.0	0.18163815321	0.120540046824	1.0	0.931945167046	0.528398471744	0.702663680889	0.295870210493
M0040_1.02	1.0	0.346462671242	1.0	0.424867646741	0.832870808819	0.199150505988	1.0	1.0
M0041_1.02	1.0	0.417574586968	0.151501307791	1.0	0.866250846349	0.949573126588	0.723549142626	0.68786935651
M0042_1.02	1.0	0.51493464704	0.214226746442	1.0	0.00302864642607	0.596829463071	1.0	1.0
M0043_1.02	0.554641788209	0.815107664572	0.507587862153	1.0	0.81632296512	0.87990170186	0.598370561507	1.0
M0044_1.02	1.0	0.342019394627	0.0174859290759	1.0	0.793738962263	0.482440885688	0.677453747515	0.641088644072
M0072_1.02	1.0	0.625701624211	0.638457575398	0.356498107167	0.924505851798	0.0348967979921	0.0158936856344	1.0
M0073_1.02	1.0	0.333929246382	0.125375651411	0.415791729687	0.957159803546	0.0631726146332	0.0265583516909	1.0
M0075_1.02	1.0	0.626884622886	0.640188799902	0.357411258481	0.925131581353	0.0352449281674	0.0160286301405	1.0
M0076_1.02	1.0	0.0109102455342	0.170768246632	1.0	0.988133954978	0.954225621159	0.734830169806	0.699426364161
M0077_1.02	1.0	1.0	0.458414899107	1.0	0.84182153428	0.585486444402	1.0	1.0
M0078_1.02	1.0	0.499378549184	0.196427198011	1.0	1.0	0.580528779095	1.0	1.0
M0079_1.02	1.0	1.0	0.305068918592	0.0585708179083	0.401809893025	0.66805744114	1.0	0.34938675501
M0080_1.02	1.0	1.0	1.0	1.0	1.0	1.0	1.0	1.0
M0118_1.02	1.0	1.0	1.0	1.0	1.0	0.527600898084	1.0	1.0
M0119_1.02	1.0	1.0	0.0421950703667	1.0	1.0	1.0	1.0	1.0
M0120_1.02	1.0	1.0	1.0	1.0	0.162304135451	1.0	1.0	1.0
M0121_1.02	1.0	1.0	0.0294579476041	1.0	0.761553151382	0.73322814055	0.433753780457	1.0
M0123_1.02	1.0	1.0	1.0	0.309187315356	0.635451960309	0.644885294662	1.0	1.0
M0124_1.02	1.0	0.326774527474	0.584309346373	1.0	1.0	1.0	0.192516933521	1.0
M0125_1.02	1.0	1.0	1.0	1.0	1.0	1.0	1.0	1.0
M0128_1.02	1.0	1.0	0.216105802326	1.0	0.250649184094	1.0	1.0	1.0
M0129_1.02	1.0	1.0	0.575512306883	1.0	1.0	0.384277870038	1.0	1.0
M0130_1.02	1.0	0.257830852564	0.48393071428	1.0	1.0	1.0	1.0	1.0
M0133_1.02	1.0	1.0	0.35989651429	1.0	0.441144959349	1.0	0.0381374470079	1.0
M0135_1.02	1.0	1.0	0.454324040267	1.0	1.0	0.0460957302627	1.0	1.0
M0136_1.02	1.0	0.662847602072	0.69220246865	1.0	0.942645344566	0.154560047652	0.115730149037	0.412622718335
M0144_1.02	1.0	0.330998136057	0.590072982037	1.0	1.0	1.0	0.195258633875	1.0
M0146_1.02	1.0	1.0	1.0	1.0	1.0	1.0	1.0	1.0
M0147_1.02	0.329457880645	0.565706576756	0.278713230373	1.0	0.0226410802257	1.0	0.0102754518898	1.0
M0149_1.02	1.0	1.0	0.237631350352	1.0	1.0	1.0	1.0	1.0
M0150_1.02	0.482042013976	1.0	0.355918877378	0.45981319929	0.286818759109	0.511314472823	0.523798921501	0.0290340352489
M0151_1.02	0.162677605206	1.0	0.560436901552	1.0	0.252500562202	1.0	1.0	0.165837110288
M0152_1.02	0.117092768014	1.0	0.51200008187	0.104944696446	0.220890536084	0.788233911108	0.487324425087	0.00304601640773
M0153_1.02	0.63446184715	0.877561939054	0.178484154741	0.610192261595	0.18039639803	0.263711508906	0.67856800497	0.00338321977638
M0154_1.02	0.126505460381	0.726537750276	0.77998568171	0.441017594564	0.436512328584	0.48130809015	1.0	0.000408956845547
M0155_1.02	0.163640380081	1.0	0.850072479411	1.0	0.0469086959378	0.295156032377	1.0	0.000847445005167
M0156_1.02	0.661476567778	1.0	0.124033528696	0.637225837311	0.0343759255548	0.533156811707	0.119779679085	0.000741577204052
M0157_1.02	0.562065449778	1.0	0.523570643911	0.538348530062	0.291144771991	0.361656358739	0.235389404561	0.203351792186
M0158_1.02	0.495283588564	0.759943601893	0.205691971105	1.0	0.00137680250633	0.833307422117	0.0411421732164	0.1524147139
M0159_1.02	0.190469385717	1.0	0.0787528749415	0.530355417135	0.27430246028	0.621622275187	0.227885660385	0.00131250264939
M0160_1.02	0.09933770294	1.0	0.707139732116	0.394640962992	0.168595881031	0.754612647491	0.453755859552	0.00213167351549
M0161_1.02	0.199185174528	1.0	0.33241548301	0.180127675025	0.167086007983	0.637715711316	0.237894400462	0.00149501095949
M0162_1.02	0.439076691597	0.956989441014	0.0838484364208	0.161105537316	0.0170428807587	0.193342247205	0.0254890864107	0.0172767510516
M0163_1.02	0.289705952084	0.895353314919	0.22578447809	0.636703569735	0.0152295223744	0.772397313256	0.0322647340119	9.97906499439e-05
M0164_1.02	0.108835212033	0.693437500025	0.4825542343	0.411620184832	0.596262436796	0.434281645403	1.0	0.0025980023541
M0165_1.02	0.376207839679	1.0	0.0817476614138	0.122496684731	0.0560931017273	0.445880919848	0.0155650445782	4.80240995684e-05
M0166_1.02	0.165198366813	1.0	1.0	1.0	1.0	0.376937501427	0.184236728448	0.0146393615994
M0167_1.02	0.327507411196	1.0	0.046174754708	0.299886113688	0.00540719948898	0.594240323982	0.145345748986	2.2327352561e-05
M0229_1.02	0.023912240258	1.0	0.545483926501	0.113961886668	0.85389367353	0.482580557054	0.504618077146	0.470651588125
M0250_1.02	0.179656742449	1.0	0.476447378607	0.162139668355	0.131079679529	0.600747003609	0.21542531825	0.00110824016982
M0251_1.02	0.620756195187	0.867786354246	0.0348602767019	0.226253055233	0.03920630668	0.718431145727	0.664944007294	0.000417410870395
M0252_1.02	0.0456815064824	1.0	0.794853612585	1.0	0.557498468002	0.224179755663	1.0	0.00511146750339
M0255_1.02	0.181145574258	0.68662371065	0.0918334988527	0.622374580933	0.0109060420018	0.128809287308	3.10234041022e-05	0.0752856582295
M0256_1.02	0.0185038100488	0.824711541422	0.0378165676966	0.319531400165	0.00322315868676	0.811297566828	3.26981546115e-06	0.644245021939
M0257_1.02	0.143449726188	0.928147141613	0.0132349569339	0.294668899323	0.00398340730121	0.615922922764	1.31716173197e-05	0.151504526586
M0258_1.02	0.00477794413347	0.648122476597	0.181080329459	0.59476623234	0.000627459383261	0.479094143026	3.15280445233e-06	0.168773600106
M0259_1.02	1.0	0.654192231696	0.905182666879	0.378950892275	0.299858826952	0.382316509709	0.436654607642	1.0
M0260_1.02	1.0	0.500956120864	0.786050158593	1.0	0.543006133384	0.582187834409	0.0540062284051	0.288347131721
M0261_1.02	0.203817899633	0.723069700956	0.0431667903702	0.893785451852	0.00021153042403	0.73646076117	2.02353507876e-07	0.428507543513
M0262_1.02	1.0	0.468449202669	0.163743911508	1.0	0.49237721176	0.547735682601	0.2893147751	1.0
M0263_1.02	0.428728414849	0.587206039087	0.0381318345065	0.396306270624	0.10358680469	0.0142832132283	0.0235928824816	0.18486898397
M0264_1.02	0.0305767530756	0.502554660181	0.192574190211	0.494477317458	0.000737208807553	0.0912314762774	0.00347929017951	0.033116704665
M0265_1.02	1.0	0.193431951025	0.834908118226	0.0509968170435	0.627113340872	0.269136967183	0.355176164113	1.0
M0266_1.02	0.0414878362872	0.568826218459	0.0611221442395	0.539627508648	0.0184850806236	0.385317789629	0.000262849596999	0.0128233617262
M0267_1.02	0.000265662554683	0.56263790965	0.238078006315	0.573314607591	0.00424962642404	0.907814523943	0.00341435538212	1.0
M0268_1.02	0.0703584075574	0.319551941801	0.150412438039	0.62312120562	0.00271873662266	0.227999013994	3.14093128701e-05	0.0250531225778
M0269_1.02	1.0	0.335071501726	0.930420262386	0.416622563324	0.381347172715	0.442278287511	1.0	0.444536027685
M0270_1.02	1.0	0.410170900528	0.324691859769	0.210867641449	0.750424718832	0.141408836589	1.0	1.0
M0271_1.02	0.0462104523096	0.235055253879	0.719200698522	0.531696931388	0.447866642301	0.0602415887004	0.599062013855	0.197767514875
M0272_1.02	0.220946631282	0.662632880351	0.219558066711	0.787339945779	0.110843454594	0.0270422428775	0.00222024295663	0.00596633845195
M0273_1.02	0.492198052387	0.165660790691	0.818981665766	0.130673291278	0.307470504821	0.100493552301	0.534315947547	0.150285868524
M0329_1.02	0.0808351624476	0.447785585659	0.0791969359629	0.45726393784	0.00920814996984	0.429219741229	8.26713303795e-05	0.234595318577
M0359_1.02	0.0684481839543	0.844679475918	0.050762813702	0.618625022748	0.0024579469382	0.125060376362	2.91549220087e-05	0.00677486759322
M0369_1.02	1.0	1.0	1.0	1.0	1.0	0.162389833187	1.0	1.0
M0370_1.02	1.0	1.0	1.0	1.0	1.0	0.0309935500864	1.0	1.0
M0371_1.02	1.0	1.0	1.0	1.0	1.0	0.419712686903	1.0	1.0
M0372_1.02	1.0	1.0	1.0	1.0	1.0	0.0309935500864	1.0	1.0
M0373_1.02	1.0	1.0	1.0	0.228518231958	0.781414153654	0.516246119361	0.268424656955	1.0
M0374_1.02	1.0	1.0	1.0	1.0	1.0	0.0309935500864	1.0	1.0
M0375_1.02	1.0	1.0	1.0	1.0	1.0	1.0	1.0	0.0167328289388
M0376_1.02	1.0	1.0	1.0	1.0	1.0	1.0	1.0	0.0167328289388
M0377_1.02	1.0	1.0	1.0	1.0	1.0	0.0309935500864	1.0	1.0
M0378_1.02	1.0	1.0	1.0	1.0	1.0	0.0309935500864	1.0	1.0
M0581_1.02	1.0	1.0	0.579603896386	1.0	0.40400712941	0.301070559791	0.378961336454	0.0686840301986
M0582_1.02	0.379343603583	0.260081493206	0.0697024937926	1.0	0.926977941687	1.0	0.416038531345	0.0845754787847
M0587_1.02	1.0	0.340774408101	0.131420657909	1.0	0.390603835683	0.0661117899429	0.482021792891	1.0
M0589_1.02	1.0	1.0	1.0	1.0	0.693019943131	0.431068793713	1.0	1.0
M0591_1.02	0.364097604469	1.0	1.0	1.0	0.707501582272	0.329909118692	0.399835916155	0.370197972813
M0647_1.02	1.0	1.0	0.47210848349	1.0	1.0	0.595228081701	1.0	0.297088316848
M0649_1.02	1.0	1.0	0.258267390045	1.0	0.690468394817	1.0	1.0	1.0
M0650_1.02	1.0	0.355794588619	0.253142019363	1.0	0.685301749869	1.0	0.211518062922	0.193627211387
M0651_1.02	1.0	1.0	1.0	1.0	1.0	1.0	1.0	1.0
M0652_1.02	1.0	1.0	0.584309346373	1.0	0.276793180224	1.0	0.192516933521	1.0
M0653_1.02	1.0	1.0	1.0	1.0	0.707895192974	0.0210908431033	0.223500688933	0.204732754505
M0655_1.02	0.027283784157	0.415720331345	0.116140777333	1.0	0.756551182541	0.490707054242	1.0	1.0
M0656_1.02	0.282197251117	0.151226865997	0.784546787298	0.266833240381	0.270386020265	0.580528779095	1.0	1.0
M0657_1.02	1.0	1.0	1.0	1.0	1.0	1.0	1.0	1.0
M0665_1.02	1.0	0.287554655844	1.0	1.0	0.0595528120047	0.346697903552	1.0	1.0
M0677_1.02	1.0	0.0795220907453	0.645991287173	1.0	0.0347359840663	0.444405483085	1.0	1.0
M0680_1.02	1.0	1.0	1.0	1.0	1.0	1.0	1.0	1.0
M0681_1.02	0.170217628135	1.0	0.212324686179	1.0	1.0	0.386705547368	1.0	1.0
M0682_1.02	1.0	1.0	1.0	1.0	0.554586532198	1.0	1.0	1.0
M0683_1.02	1.0	1.0	1.0	1.0	0.589927502754	0.346697903552	1.0	1.0
M0684_1.02	0.054634484364	1.0	1.0	1.0	0.874632605856	0.25896269448	1.0	1.0
M0760_1.02	1.0	1.0	1.0	1.0	1.0	1.0	1.0	1.0
M0761_1.02	1.0	1.0	0.389530109918	1.0	1.0	1.0	1.0	1.0
M0763_1.02	1.0	1.0	0.730466108258	1.0	0.457635352965	0.523845655952	0.273393529305	1.0
M0764_1.02	1.0	1.0	0.155435639223	1.0	0.479179543208	1.0	0.283232142036	1.0
M0765_1.02	1.0	1.0	0.23129812123	1.0	0.557209716807	0.753634025994	0.452819299674	1.0
M0766_1.02	1.0	1.0	0.75043054105	1.0	0.806974700059	1.0	0.286887823484	1.0
M0767_1.02	1.0	1.0	0.458414899107	1.0	1.0	1.0	1.0	1.0
M0768_1.02	1.0	1.0	0.710940873462	1.0	0.430000164446	1.0	1.0	1.0
M0769_1.02	1.0	1.0	0.171788817197	1.0	0.472829897896	0.347064051384	0.412028575131	1.0
M0770_1.02	1.0	1.0	0.547993823507	1.0	0.609776448354	0.361995380243	0.175873233477	1.0
M0771_1.02	1.0	1.0	0.451491825518	0.266833240381	0.837834157705	0.580528779095	1.0	1.0
M0790_1.02	0.566726394621	1.0	0.533613059822	1.0	0.833354309328	0.888254002608	0.610639569856	0.574374355486
M0821_1.02	1.0	1.0	0.110246220265	1.0	0.748348627354	0.482583097814	1.0	0.226496405304
M0840_1.02	0.318194567117	1.0	0.100881496931	1.0	0.618628026931	1.0	0.350756580064	1.0
M0841_1.02	1.0	1.0	1.0	1.0	1.0	1.0	1.0	1.0
M0842_1.02	1.0	1.0	0.32215634658	1.0	0.158360868636	1.0	1.0	0.226496405304
M0843_1.02	1.0	1.0	0.311991880572	1.0	0.150566256155	0.134730656892	1.0	1.0
M0844_1.02	1.0	1.0	0.122151317369	1.0	0.764487382746	1.0	1.0	1.0
M0845_1.02	0.043892102449	0.502528771835	0.787543087974	1.0	1.0	0.216975020163	1.0	1.0
M0846_1.02	0.30674615156	0.53444425337	0.23784793478	1.0	0.866019861617	1.0	0.33844890987	1.0
M0847_1.02	1.0	0.480058279402	0.423313354549	0.254272922045	1.0	0.0489558625991	1.0	0.273915189861
M0849_1.02	1.0	0.120653379354	1.0	1.0	1.0	1.0	1.0	1.0
M0850_1.02	0.267947541655	0.00412630827344	0.764018954028	1.0	0.819366047236	1.0	0.296547109865	1.0
M0851_1.02	0.274558404787	1.0	0.435146668614	1.0	0.828136613504	0.56873100303	1.0	1.0
M0852_1.02	1.0	0.355794588619	0.253142019363	1.0	0.685301749869	0.424281860627	1.0	0.193627211387
M0855_1.02	0.309886972961	1.0	0.0924099262561	1.0	0.869316618853	1.0	0.34182806755	0.315315720875
M1107_1.02	1.0	0.10752427065	0.249174931218	1.0	0.804326704786	0.422174552984	1.0	0.43145063185
M1108_1.02	1.0	0.607504631843	0.611706241773	1.0	0.440965315467	0.690959200478	1.0	1.0
M1195_1.02	0.257920553677	0.127775842701	0.748678128007	0.243645560975	0.805367406713	1.0	1.0	0.262619061306
M1210_1.02	0.344523924023	0.0578960103851	0.0137052941514	0.326598228549	0.671177930686	0.301070559791	1.0	1.0
M1211_1.02	0.289757354686	0.158860472848	0.0737430682869	1.0	0.557498468002	1.0	1.0	1.0
M1274_1.02	1.0	0.314434828549	0.921024969955	0.401489349833	1.0	1.0	1.0	0.42879756541
M1275_1.02	1.0	0.0334376632187	1.0	1.0	1.0	1.0	0.0553098967461	1.0
M1276_1.02	1.0	1.0	1.0	1.0	1.0	1.0	1.0	1.0
M1277_1.02	0.300422481011	1.0	0.808731907227	1.0	0.580921591305	0.607864538807	0.0610858932105	1.0
M1282_1.02	0.253421084672	0.123612370459	1.0	1.0	1.0	1.0	1.0	1.0
M1287_1.02	1.0	0.328889620487	1.0	1.0	1.0	1.0	0.193888927309	1.0
M1290_1.02	0.193658604789	1.0	1.0	1.0	1.0	1.0	1.0	1.0
M1291_1.02	0.309886972961	1.0	0.243363467529	1.0	1.0	0.62161332733	0.00839901169992	1.0
M1292_1.02	0.190000968601	1.0	1.0	1.0	1.0	1.0	1.0	1.0
M1293_1.02	0.208128181407	1.0	0.660524717674	0.196236491368	1.0	1.0	1.0	1.0
M1294_1.02	0.192441192474	0.359837946175	0.628251180248	0.181340344793	1.0	1.0	1.0	1.0
M1302_1.02	0.0397095667878	0.0283924891614	1.0	0.0352052112412	0.515595545659	1.0	0.300136148276	1.0
M1309_1.02	1.0	0.56433174214	0.547660507358	1.0	0.639566428094	1.0	0.361750247862	0.334110849466
M1310_1.02	1.0	1.0	0.561840996933	1.0	0.653680562209	0.657345951779	1.0	1.0
M1311_1.02	1.0	1.0	1.0	1.0	1.0	1.0	1.0	1.0
M1313_1.02	1.0	1.0	1.0	1.0	1.0	1.0	1.0	1.0
M1314_1.02	0.284365280797	1.0	1.0	1.0	0.274818624471	0.583840380993	1.0	0.289445573345
M1315_1.02	1.0	1.0	1.0	1.0	1.0	1.0	1.0	1.0
M1316_1.02	0.135755718277	0.262482376896	1.0	1.0	1.0	1.0	1.0	1.0
M1317_1.02	1.0	1.0	1.0	1.0	1.0	1.0	1.0	1.0
M1318_1.02	0.0390282060892	0.0277075688538	1.0	0.0345969139689	0.243989629341	1.0	1.0	0.273915189861
M1319_1.02	1.0	0.489808927365	0.185931687581	1.0	0.525687772652	0.205495085574	0.304893598507	0.280611348114
M1320_1.02	1.0	1.0	0.43279033523	1.0	1.0	1.0	1.0	1.0
M1321_1.02	1.0	1.0	0.194667756204	1.0	0.836482907113	1.0	0.310795810398	1.0
M1322_1.02	0.173962679094	1.0	1.0	1.0	0.279828573393	1.0	1.0	1.0
M1323_1.02	1.0	1.0	0.74334706009	1.0	1.0	0.536860976132	1.0	1.0
M1324_1.02	1.0	0.519507476749	0.481121849834	1.0	0.854420671077	1.0	0.00724211126332	1.0
M1325_1.02	1.0	1.0	1.0	1.0	0.735525821813	1.0	0.239199973383	1.0
M1326_1.02	1.0	1.0	1.0	1.0	0.86034016522	0.240090881238	1.0	0.306796515824
M1327_1.02	1.0	0.167671189573	1.0	1.0	1.0	1.0	0.329354384721	1.0
M1328_1.02	1.0	1.0	0.23968404	1.0	1.0	1.0	1.0	1.0
M1329_1.02	1.0	0.371294450202	0.547123160954	1.0	0.44014798588	1.0	0.505467568867	0.471473690643
M1330_1.02	1.0	0.489808927365	0.775303168418	1.0	0.829556561099	0.57043633604	1.0	1.0
M1331_1.02	1.0	0.476767251577	0.41854448718	0.033992821736	0.817861544859	1.0	1.0	1.0
M1332_1.02	1.0	1.0	1.0	1.0	0.337125574704	1.0	0.219526467828	1.0
M1333_1.02	0.276749013912	1.0	0.187670530348	1.0	0.528188669961	0.206926457769	1.0	1.0
M1334_1.02	1.0	1.0	0.43042879445	1.0	1.0	0.565300166603	1.0	1.0
M1335_1.02	1.0	0.095520247019	0.108791212157	1.0	0.746255333643	0.480532105957	0.24564904393	1.0
M1336_1.02	1.0	0.484956441961	0.43042879445	1.0	1.0	0.565300166603	0.30132849727	1.0
M1337_1.02	0.29510965911	0.517987961295	0.801913705435	0.279186733402	1.0	0.231403106067	1.0	1.0
M1338_1.02	0.387761651359	0.640795187541	0.0262567060799	1.0	0.499766828474	0.365486153082	0.104847679095	1.0
M1339_1.02	0.219991775675	1.0	0.317078412889	1.0	0.74414469573	0.478473050487	1.0	1.0
M1340_1.02	1.0	0.316099687635	0.000204588732861	0.156705592301	1.0	0.379393884237	1.0	1.0
M1341_1.02	1.0	1.0	0.243363467529	1.0	0.869316618853	0.62161332733	0.34182806755	0.315315720875
M1342_1.02	1.0	1.0	0.706870064613	1.0	1.0	0.50068429212	1.0	1.0
M1343_1.02	1.0	0.558789192459	0.837206844587	1.0	1.0	1.0	1.0	1.0
M1344_1.02	0.311973112245	1.0	0.514066501589	1.0	0.332877285117	1.0	0.344071425011	0.317429452364
M1345_1.02	1.0	1.0	0.250580225143	0.177864646649	0.682686303395	1.0	0.210175513267	1.0
M1346_1.02	1.0	1.0	1.0	1.0	1.0	1.0	1.0	1.0
M1363_1.02	1.0	1.0	0.0784518809587	1.0	0.853207116412	1.0	1.0	1.0
M1364_1.02	1.0	1.0	0.706870064613	1.0	1.0	0.50068429212	1.0	1.0
M1365_1.02	1.0	1.0	1.0	1.0	1.0	1.0	1.0	1.0
M1384_1.02	1.0	0.557392685147	0.537337721325	1.0	0.882693706366	0.640632675837	0.0713050352128	1.0
M1388_1.02	0.298302071889	1.0	0.0813477847196	1.0	0.576310416057	1.0	1.0	1.0
M1400_1.02	1.0	1.0	1.0	1.0	1.0	1.0	1.0	1.0
M1401_1.02	1.0	1.0	0.585406970673	0.329458048231	0.084645363636	0.305411939861	1.0	0.3534020351
M1402_1.02	1.0	1.0	0.179701066671	1.0	1.0	1.0	1.0	1.0
M1404_1.02	0.443638251378	0.705824314474	0.282655025645	1.0	0.95992557428	1.0	1.0	1.0
M1405_1.02	1.0	1.0	1.0	1.0	1.0	1.0	1.0	1.0
M1406_1.02	1.0	0.12882192492	0.75043054105	0.24471492235	0.806974700059	1.0	1.0	1.0
M1407_1.02	1.0	1.0	0.391973009419	1.0	0.800465098189	1.0	1.0	1.0
M1408_1.02	1.0	1.0	0.0976634705707	1.0	0.874632605856	1.0	0.347422401499	1.0
M1409_1.02	1.0	1.0	0.105247757127	1.0	0.88171501144	0.639203941512	0.355176164113	1.0
M1410_1.02	1.0	1.0	0.23784793478	1.0	1.0	1.0	0.33844890987	1.0
M1411_1.02	1.0	0.0330627936938	0.019910959717	1.0	0.547873218851	1.0	0.315482151969	1.0
M1412_1.02	1.0	1.0	0.117687883765	1.0	1.0	0.654614943775	0.367178381011	1.0
M1413_1.02	1.0	0.524037633197	0.0823247454521	0.283259179946	1.0	1.0	0.330497873866	1.0
M1414_1.02	1.0	0.150142544794	0.194667756204	0.265794493038	0.836482907113	1.0	0.310795810398	1.0
M1415_1.02	1.0	0.0400637030154	0.50508135174	1.0	1.0	1.0	1.0	1.0
M1416_1.02	1.0	0.11437293317	0.367357234239	1.0	1.0	1.0	0.269669991594	0.247676536722
M1559_1.02	0.186327095603	1.0	1.0	1.0	0.310101726006	1.0	0.207483682037	0.18989172814
M1560_1.02	0.235154676251	1.0	0.126732710046	1.0	0.770269931062	0.504620684388	1.0	0.239508170376
M1561_1.02	1.0	1.0	0.734210667595	1.0	0.00496141993912	0.0391722506013	0.275865533371	1.0
M1562_1.02	1.0	1.0	0.357402439349	1.0	0.775911039256	0.510467630313	1.0	0.243019477631
M1563_1.02	1.0	0.413876287397	0.329755532791	1.0	0.164286860928	0.488688004703	1.0	0.230066530683
M1564_1.02	1.0	0.253150292291	1.0	1.0	0.177545208457	1.0	1.0	0.13311825301
M1565_1.02	0.211705680852	1.0	1.0	1.0	0.00998081187329	0.463831225243	0.0294619390774	1.0
M1566_1.02	1.0	1.0	0.41899143039	1.0	0.134600384674	1.0	1.0	1.0
M1567_1.02	1.0	1.0	0.172284985595	1.0	0.589927502754	1.0	1.0	1.0
M1568_1.02	1.0	1.0	1.0	1.0	1.0	1.0	1.0	1.0
M1569_1.02	0.192441192474	1.0	0.628251180248	1.0	0.325148825445	0.107568811716	0.0241897810037	1.0
M1570_1.02	1.0	0.2853106614	1.0	1.0	0.586522927331	1.0	1.0	0.151592552404
M1571_1.02	1.0	1.0	0.192912303074	1.0	0.105451609033	0.577191040946	1.0	0.00456844169373
M1572_1.02	1.0	1.0	0.786050158593	1.0	0.272601336444	0.582187834409	0.313142902573	1.0
M1575_1.02	1.0	0.328889620487	1.0	1.0	1.0	1.0	1.0	0.177317333115
M1576_1.02	1.0	1.0	0.284345323038	1.0	0.377504448595	0.653241354786	1.0	0.338218424787
M1618_1.02	1.0	0.0986162202045	1.0	1.0	0.990416494099	0.0698609887683	0.244163804969	1.0
M1619_1.02	1.0	1.0	1.0	1.0	1.0	1.0	1.0	1.0
M1620_1.02	1.0	1.0	0.465287407847	1.0	0.555105807528	0.590385986645	0.318976377182	1.0
M1643_1.02	0.359258500372	1.0	0.335308336195	0.340779104474	0.436660016147	1.0	1.0	1.0
M1644_1.02	1.0	0.527034224805	0.0842960412639	0.0441478771197	0.583213370093	1.0	0.332779116386	1.0
M1645_1.02	0.474894730686	0.385797193226	0.0296332846435	1.0	0.0628512484983	0.500193731529	0.516381751344	0.482047929903
M1646_1.02	0.224688349641	0.412026483104	0.113178729123	1.0	0.404507658574	0.486661016081	1.0	1.0
M1647_1.02	0.171081767959	0.791971866683	0.0588604510723	0.505555937474	0.116462543468	0.00355766959815	1.0	0.176754781477
M1648_1.02	0.273460666377	0.486578991443	0.182467020778	0.258482882977	0.826704882842	0.567018955305	1.0	1.0
M1649_1.02	0.538014615172	0.475601826351	0.0095589513239	1.0	0.00992357148492	0.324111651118	0.21356212476	0.18390264025
M1650_1.02	1.0	0.0493058424327	0.109698928559	0.0524100976966	0.0655974928342	0.274950706089	1.0	1.0
M1651_1.02	0.228192605841	1.0	0.117632709062	1.0	0.413067004311	0.146801874878	0.253317157147	1.0
M1652_1.02	0.489094056728	0.753759211084	0.0896425087146	1.0	0.495492988967	0.0980629686069	1.0	0.0305865394259
M1653_1.02	0.396984003231	0.651994247107	0.0844700184678	1.0	0.520008035357	0.145329591727	0.434722347487	0.0933741646772
M1654_1.02	0.489094056728	0.753759211084	0.0896425087146	1.0	0.495492988967	0.0980629686069	1.0	0.0305865394259
M1655_1.02	0.0577466975267	0.557392685147	0.00961749367416	1.0	0.357470491155	0.270590499639	0.356276439832	1.0
M1656_1.02	0.581701658637	0.53950541007	0.000729395797098	1.0	0.0083466075362	0.0767203949227	0.0735401910189	0.0579899329216
M1657_1.02	0.319226109247	1.0	0.101965014787	1.0	0.620763133643	0.634883847452	1.0	1.0
M1658_1.02	0.323337024523	1.0	0.034810704711	1.0	0.62921172882	0.270590499639	0.356276439832	1.0
M1659_1.02	0.42820398995	0.688537079929	0.25520029958	1.0	0.00369100098978	0.0584318710589	0.129719062296	0.434969291923
M1660_1.02	0.583617214779	0.271109067222	0.0073732107998	0.559650302023	0.050194947832	0.0268084824568	0.627714749096	0.0587195619282
M1661_1.02	0.557355442806	0.237543089392	0.00453125810131	1.0	0.0344757550746	0.0613998157382	0.23101003289	0.199440686118
M1662_1.02	0.558031323893	0.50476709309	0.00143932425427	0.534368734883	0.00525236829385	0.0198665761956	0.231635295427	0.199998819643
M1663_1.02	1.0	0.062954679714	0.0520276443888	0.0626853816683	0.0915779635918	0.315522444112	1.0	1.0
M1677_1.02	1.0	1.0	0.557358470253	1.0	0.619339043561	1.0	1.0	1.0
M1678_1.02	1.0	0.689523327203	0.0452680313527	0.0152566479781	0.953820457557	0.769756307873	1.0	0.435845619892
M1679_1.02	1.0	0.0813569190944	0.281335853533	0.191681502123	0.352005475637	1.0	1.0	1.0
M1680_1.02	1.0	0.385797193226	0.568116874603	0.00298148521598	0.463604365491	0.234905508431	0.516381751344	0.482047929903
M1681_1.02	1.0	1.0	1.0	1.0	1.0	1.0	1.0	1.0
M1682_1.02	1.0	1.0	0.0119144120614	0.392916936083	0.787838207502	0.75265153347	1.0	0.419866164352
M1683_1.02	1.0	0.400157030355	0.362193103273	0.00331978015162	0.70083755661	0.248475359938	0.527059507288	0.492414931101
M1684_1.02	1.0	0.308677332775	0.452301741319	0.397218035443	0.794319336095	1.0	1.0	0.424348825484
M1685_1.02	1.0	0.0945549973618	0.317078412889	0.20751450021	0.393004033439	1.0	1.0	1.0
M1686_1.02	1.0	0.293669165777	0.218111860332	0.0846266847606	0.539800424018	0.393432977298	0.444319053701	0.412622718335
M1687_1.02	1.0	0.25660602837	0.640188799902	0.0715948922699	0.729278232503	0.709996511153	0.413033589705	0.382752951954
M1688_1.02	1.0	1.0	0.0138961127761	0.402340056297	0.801866066776	0.763248524876	1.0	0.42968326501
M1689_1.02	1.0	1.0	0.129857833814	0.0277343934563	1.0	1.0	1.0	1.0
M1690_1.02	1.0	1.0	0.636719850316	0.0708043298663	0.726019494492	0.345639607045	0.411021872318	0.380837492998
M1691_1.02	1.0	0.388016007389	0.177174236614	0.00303191611175	0.868266345832	0.502678819372	0.163528040976	0.483656241653
M1692_1.02	1.0	1.0	0.593052475482	0.0615535300181	0.68428839583	0.678436723084	0.386347221059	0.35739304787
M1693_1.02	1.0	0.64978243546	0.00884774012715	0.0114349126479	0.936615731388	0.732164960067	1.0	0.401591218974
M1694_1.02	1.0	1.0	0.28998714038	0.0556410094689	0.384155823413	1.0	1.0	0.341282814614
M1695_1.02	1.0	1.0	1.0	1.0	1.0	1.0	1.0	1.0
M1696_1.02	1.0	0.0841336703093	0.289016784372	0.195100101327	0.360878575474	1.0	1.0	1.0
M1697_1.02	1.0	1.0	0.0126097026583	0.0896887761056	0.948103391724	0.756558338103	1.0	0.423455015094
M1698_1.02	1.0	0.691486557707	0.479034970462	0.0965755206682	0.592640556773	0.771582865516	1.0	0.111716039278
M1699_1.02	1.0	0.608744543638	0.340977425447	0.0657384110946	0.44311326534	0.692184525062	0.397779830454	0.368244373822
M1700_1.02	1.0	0.301756717754	0.441452539981	0.0875685422094	0.786520680983	0.751665154895	1.0	0.101463655473
M1701_1.02	1.0	0.0822792640198	0.283897024238	0.192822608808	0.354967995571	1.0	1.0	1.0
M1702_1.02	1.0	0.251973737962	0.361727999867	0.0700167111103	0.72272776179	0.342787786346	0.409003390746	0.378916214142
M1704_1.02	1.0	0.616103014576	0.352304844827	0.0680606869246	0.714352827125	0.699435929237	1.0	0.0791599012321
M1836_1.02	1.0	0.0634715591653	0.869022302856	1.0	0.91009300696	1.0	1.0	1.0
M1840_1.02	1.0	1.0	0.865293572095	1.0	0.68428839583	0.311192943023	1.0	1.0
M1877_1.02	1.0	0.882554709167	0.949721797689	0.245511959246	0.807820507726	0.497340079475	0.685719175903	0.649427769174
M1909_1.02	0.539423106374	0.477645910626	0.972382528244	1.0	0.245450489786	0.142980422277	1.0	1.0
M1921_1.02	0.293610841659	0.18852249519	0.0639783252646	0.2679883062	0.377366003128	0.0645766054405	0.3443719922	0.302128324318
M1932_1.02	0.307794643352	1.0	1.0	1.0	0.323921797983	0.248794846472	0.339577182748	1.0
M1940_1.02	1.0	0.651994247107	0.203714643774	0.377183210721	0.520008035357	0.734287134831	1.0	1.0
M1941_1.02	1.0	1.0	1.0	1.0	1.0	1.0	1.0	1.0
M1943_1.02	0.131026883576	0.144836898206	0.0277395784884	1.0	0.672108926815	1.0	0.511374122991	0.477193506832
M1948_1.02	0.0302112149736	0.449074889281	0.0488418360342	0.674373773896	0.0138630494206	0.60118500802	6.35148555489e-06	0.341150336269
M1949_1.02	1.0	1.0	1.0	1.0	1.0	1.0	1.0	1.0
M2191_1.02	1.0	0.141216027284	0.324580929648	0.444193981798	0.443776891871	0.223533999299	1.0	0.00373269657997
M2341_1.02	0.121816164737	0.467819143805	0.112483592463	0.685001566297	0.902323405143	0.620719110725	0.751342502608	1.0
M2342_1.02	0.0853096148037	0.86777173073	0.0112112879399	0.797027277007	0.0222187277448	0.445453653484	0.00261392466771	0.0273346404907
M2343_1.02	0.341255294229	0.43204146555	0.0565481512572	0.304753928532	0.000449790552741	0.632819172759	3.49857701114e-07	0.0586072228484
M2344_1.02	0.125303324803	0.770131998479	0.110523824158	0.841225422764	0.00475889053451	0.963668795011	8.11104288369e-06	0.313543321578
M2345_1.02	0.60720549923	0.614391284106	0.0132349569339	0.856305357424	0.00823007415558	0.781633820492	2.02674594359e-06	0.00094706478703
M2346_1.02	0.210514942206	1.0	1.0	1.0	1.0	0.461706518931	1.0	1.0
M2347_1.02	0.878423590088	0.570441203979	0.401283670551	0.485683579936	0.900299129529	0.204091680847	0.308704895535	0.565239835056
M2348_1.02	0.019626355916	0.887345878044	0.343828810791	0.252300162166	0.66970576222	0.135425796971	0.692714185044	1.0
M2349_1.02	0.0189821782205	0.0203503154549	0.103244572676	1.0	0.976933472951	0.503240748614	1.0	1.0
M2350_1.02	1.0	0.848785599612	0.595522666824	0.571475989294	0.724302487732	0.682801756897	0.0802607487057	0.232657000688
M2351_1.02	0.291937562703	0.0250910493951	0.733647592357	0.266418632725	0.935142659029	0.775078886845	0.706757748668	0.67074892054
M2352_1.02	0.20995218612	0.420443539183	0.00697354149517	0.438590472984	0.765079463839	0.787168597121	1.0	0.806879359497
M2353_1.02	0.450347368342	0.828722688527	0.0941450862166	0.417136812589	0.000736642147028	0.563471076241	0.0276860118698	0.0188175796336
M2354_1.02	0.476494487387	0.966158965135	0.067117174621	0.442447931722	0.00313280302066	0.603372177061	0.00199868568936	0.000192509565107
M2355_1.02	1.0	0.577007834506	0.066098804679	0.582991122996	0.000625431241381	0.436597277042	0.020307605237	0.243445177101
M2356_1.02	0.189926487471	0.497821608181	0.165656830572	0.52968325237	0.272909607865	0.87893627282	0.0611889895822	1.0
M2357_1.02	0.227026246328	0.415720331345	1.0	1.0	0.410220573177	0.490707054242	1.0	0.231252983089
M2358_1.02	1.0	1.0	0.00279667516174	1.0	1.0	1.0	1.0	0.264891967549
M2359_1.02	0.110669023726	1.0	1.0	1.0	1.0	0.264579924504	1.0	0.00641322428747
M2360_1.02	1.0	0.0159303586519	0.0812124823168	1.0	0.969990776328	0.923052023336	0.668402198884	1.0
M2361_1.02	0.0393683160281	1.0	1.0	1.0	0.513050460005	0.198355717567	1.0	0.00406208831133
M2362_1.02	0.377457598951	1.0	0.371130865129	0.358323143461	0.730895289179	0.349909936972	0.414036918726	0.0123781922617
M2363_1.02	0.302230583284	0.573199932467	0.0633350682281	0.542627157659	0.0194089772687	0.746255838097	0.00132739035109	0.590139772094
M2364_1.02	1.0	1.0	0.826605172335	1.0	0.874632605856	0.25896269448	1.0	1.0
M2365_1.02	1.0	0.484956441961	0.770534387758	1.0	0.825261271728	0.00974765132636	1.0	1.0
M2366_1.02	1.0	1.0	0.339851049403	1.0	0.762527827438	1.0	0.255856159664	1.0
M2367_1.02	1.0	0.603761513134	0.148160336043	1.0	0.434502757734	0.321285888701	1.0	1.0
M2368_1.02	1.0	1.0	0.812710164483	0.0448160492319	0.862640268635	0.242990677659	0.335052732075	1.0
M2369_1.02	0.0259037894762	0.738432103021	0.00081933006319	1.0	0.271118858086	0.498948246937	0.161740222262	0.481241935647
M2370_1.02	1.0	0.397018525239	0.674464131217	1.0	0.38140155546	0.132080120407	1.0	1.0
M2371_1.02	1.0	1.0	1.0	0.209751471206	0.748348627354	1.0	1.0	1.0
M2372_1.02	1.0	1.0	0.255704451393	1.0	1.0	0.426553047327	1.0	1.0
M2373_1.02	1.0	0.725667953772	0.0247694797274	0.440220729927	0.852000096483	0.0785673971012	0.152859331489	0.469003624853
M2374_1.02	1.0	1.0	0.0454402514766	1.0	0.401809893025	0.299622458398	1.0	0.0682583525236
M2375_1.02	1.0	1.0	0.611706241773	1.0	0.702273944242	0.690959200478	1.0	0.367265350445
M2376_1.02	1.0	0.486578991443	0.43279033523	1.0	0.252745485093	1.0	1.0	1.0
M2377_1.02	0.414133394464	0.672328782589	0.705673522916	1.0	0.557209716807	0.40583169669	1.0	1.0
M2378_1.02	1.0	1.0	0.827816279619	0.299325291427	1.0	0.260415954961	1.0	1.0
M2379_1.02	1.0	1.0	0.420931414837	1.0	0.819366047236	0.19550871804	1.0	0.272793245797
M2380_1.02	0.111246973734	0.333929246382	0.741858900851	1.0	0.379493984236	0.188204423737	0.135422778226	1.0
M2381_1.02	0.226714326882	0.561728470523	0.236946796915	0.572702593118	0.546768006752	0.0876696326232	0.640967973445	0.233791070652
M2382_1.02	0.332497954445	0.0520944699437	0.0393803166331	0.315039277861	1.0	0.283667427858	1.0	0.338218424787
M2383_1.02	1.0	1.0	0.678982805082	1.0	0.739870813645	0.474330622815	1.0	1.0
M2606_1.02	1.0	1.0	0.865293572095	1.0	0.68428839583	0.311192943023	1.0	1.0
M2619_1.02	1.0	0.0634715591653	0.869022302856	1.0	0.91009300696	1.0	1.0	1.0
M2620_1.02	1.0	0.599983064995	0.144352694965	1.0	0.691586757672	0.683504992715	1.0	1.0
M2631_1.02	1.0	1.0	0.831399310921	1.0	1.0	0.634883847452	1.0	1.0
M2661_1.02	1.0	1.0	1.0	1.0	0.779594905568	0.514327513465	1.0	1.0
M2662_1.02	1.0	1.0	1.0	1.0	0.0482399964097	1.0	1.0	1.0
M2663_1.02	1.0	1.0	0.339851049403	1.0	0.762527827438	1.0	0.255856159664	1.0
M2681_1.02	0.346792612558	0.727391464264	0.206074601061	0.106297760754	0.22835690493	0.0421048415673	0.753066009777	0.35626415016
M2682_1.02	1.0	0.0979293499172	0.0980850481293	0.0871463711006	0.945442314489	0.401711844854	0.450000157007	0.100982422816
M2699_1.02	1.0	1.0	0.255704451393	1.0	1.0	0.426553047327	1.0	1.0
M2843_1.02	1.0	0.162154153468	0.214226746442	0.277142038901	0.0417458244055	0.0623715426706	0.0579504719079	0.29817354553
M2862_1.02	0.0804154028261	0.859903237331	0.000636899987062	0.790109264106	0.000737641602579	0.806380725871	0.0100331538182	0.0252705502886
M2863_1.02	0.197170166367	0.833292178528	0.173068320646	0.767606059005	0.0432655353733	0.373083114843	0.248829053125	0.796500228707
M2866_1.02	1.0	1.0	0.611706241773	1.0	0.702273944242	0.690959200478	1.0	0.367265350445
M2867_1.02	1.0	0.486578991443	0.43279033523	1.0	0.252745485093	1.0	1.0	1.0
M4010_1.02	1.0	0.494616157145	0.779973291005	1.0	0.104148169408	0.0542543905643	1.0	1.0
M4011_1.02	1.0	1.0	0.250749539932	1.0	0.150844399277	0.627569387291	1.0	1.0
M4266_1.02	1.0	0.143384809884	0.329273397008	0.446564689629	0.449207053543	0.226624336351	1.0	0.00382939141744
M4708_1.02	0.302536618641	0.172108265605	0.23052896402	0.286298750139	0.861494972948	1.0	0.0619923261841	1.0
M5276_1.02	1.0	1.0	0.214859910378	1.0	0.273757057392	1.0	1.0	1.0
M6502_1.02	1.0	0.0171796053685	1.0	1.0	0.415906641269	1.0	0.254587719037	0.233620519804